IBLUMENA15;America/Sao_Paulo;2020-07-03T03:04:59Z;2020-07-03 00:04:59;1593745499;-26.80653;-49.092304;0.0;0.0;136;99.0;99.0;99.0;-1;48.0;48.0;0.0;0.0;0.0;0.0;0.0;0.0;47.7;47.7;47.7;48.0;48.0;48.0;48.0;48.0;48.0;30.13;30.12;0.11;0.0;0.0
IBLUMENA15;America/Sao_Paulo;2020-07-03T03:09:47Z;2020-07-03 00:09:47;1593745787;-26.80653;-49.092304;0.0;0.0;136;99.0;99.0;99.0;-1;48.0;48.0;0.0;0.0;0.0;0.0;0.0;0.0;47.7;47.7;47.7;48.0;48.0;48.0;48.0;48.0;48.0;30.13;30.13;0.0;0.0;0.0
IBLUMENA15;America/Sao_Paulo;2020-07-03T03:14:51Z;2020-07-03 00:14:51;1593746091;-26.80653;-49.092304;0.0;0.0;136;99.0;99.0;99.0;-1;48.2;48.0;0.0;0.0;0.0;0.0;0.0;0.0;47.8;47.7;47.7;48.2;48.0;48.1;48.2;48.0;48.1;30.13;30.12;-0.15;0.0;0.0
IBLUMENA15;America/Sao_Paulo;2020-07-03T03:19:55Z;2020-07-03 00:19:55;1593746395;-26.80653;-49.092304;0.4;0.0;136;99.0;99.0;99.0;-1;48.4;48.2;0.4;0.0;0.0;1.1;0.0;0.1;48.0;47.8;48.0;48.4;48.2;48.3;48.4;48.2;48.3;30.13;30.12;0.11;0.0;0.0
IBLUMENA15;America/Sao_Paulo;2020-07-03T03:24:59Z;2020-07-03 00:24:59;1593746699;-26.80653;-49.092304;0.0;0.0;135;99.0;99.0;99.0;-1;48.2;48.2;0.9;0.0;0.4;1.1;0.0;0.8;47.8;47.8;47.8;48.2;48.2;48.2;48.2;48.2;48.2;30.13;30.13;-0.04;0.0;0.0
IBLUMENA15;America/Sao_Paulo;2020-07-03T03:29:47Z;2020-07-03 00:29:47;1593746987;-26.80653;-49.092304;0.0;0.0;135;99.0;99.0;99.0;-1;48.4;48.2;1.1;0.0;0.7;1.1;0.0;1.1;48.0;47.8;47.9;48.4;48.2;48.3;48.4;48.2;48.3;30.13;30.12;0.0;0.0;0.0
IBLUMENA15;America/Sao_Paulo;2020-07-03T03:34:51Z;2020-07-03 00:34:51;1593747291;-26.80653;-49.092304;0.0;0.0;136;99.0;99.0;99.0;-1;48.2;48.0;0.2;0.0;0.0;1.1;0.0;0.2;47.8;47.7;47.8;48.2;48.0;48.2;48.2;48.0;48.2;30.13;30.13;0.04;0.0;0.0
IBLUMENA15;America/Sao_Paulo;2020-07-03T03:39:55Z;2020-07-03 00:39:55;1593747595;-26.80653;-49.092304;0.0;0.0;137;99.0;99.0;99.0;-1;48.2;48.2;0.0;0.0;0.0;0.0;0.0;0.0;47.8;47.8;47.8;48.2;48.2;48.2;48.2;48.2;48.2;30.13;30.12;-0.04;0.0;0.0
IBLUMENA15;America/Sao_Paulo;2020-07-03T03:44:59Z;2020-07-03 00:44:59;1593747899;-26.80653;-49.092304;0.0;0.0;138;99.0;99.0;99.0;-1;48.6;48.4;0.2;0.0;0.0;1.1;0.0;0.0;48.2;48.0;48.1;48.6;48.4;48.5;48.6;48.4;48.5;30.14;30.13;0.15;0.0;0.0
IBLUMENA15;America/Sao_Paulo;2020-07-03T03:49:47Z;2020-07-03 00:49:47;1593748187;-26.80653;-49.092304;0.0;0.0;138;99.0;99.0;99.0;-1;48.6;48.6;0.0;0.0;0.0;0.0;0.0;0.0;48.2;48.2;48.2;48.6;48.6;48.6;48.6;48.6;48.6;30.14;30.13;-0.12;0.0;0.0
IBLUMENA15;America/Sao_Paulo;2020-07-03T03:54:51Z;2020-07-03 00:54:51;1593748491;-26.80653;-49.092304;0.0;0.0;138;99.0;99.0;99.0;-1;48.6;48.6;0.0;0.0;0.0;0.0;0.0;0.0;48.2;48.2;48.2;48.6;48.6;48.6;48.6;48.6;48.6;30.13;30.12;0.04;0.0;0.0
IBLUMENA15;America/Sao_Paulo;2020-07-03T03:59:55Z;2020-07-03 00:59:55;1593748795;-26.80653;-49.092304;0.0;0.0;138;99.0;99.0;99.0;-1;48.6;48.4;0.0;0.0;0.0;0.0;0.0;0.0;48.2;48.0;48.1;48.6;48.4;48.5;48.6;48.4;48.5;30.13;30.13;-0.08;0.0;0.0
IBLUMENA15;America/Sao_Paulo;2020-07-03T04:04:59Z;2020-07-03 01:04:59;1593749099;-26.80653;-49.092304;0.0;0.0;138;99.0;99.0;99.0;-1;48.4;48.2;0.0;0.0;0.0;0.0;0.0;0.0;48.0;47.8;47.9;48.4;48.2;48.3;48.4;48.2;48.3;30.13;30.12;0.04;0.0;0.0
IBLUMENA15;America/Sao_Paulo;2020-07-03T04:09:47Z;2020-07-03 01:09:47;1593749387;-26.80653;-49.092304;0.0;0.0;138;99.0;99.0;99.0;-1;48.2;48.2;0.0;0.0;0.0;0.0;0.0;0.0;47.8;47.8;47.8;48.2;48.2;48.2;48.2;48.2;48.2;30.14;30.13;0.08;0.0;0.0
IBLUMENA15;America/Sao_Paulo;2020-07-03T04:14:51Z;2020-07-03 01:14:51;1593749691;-26.80653;-49.092304;0.0;0.0;138;99.0;99.0;99.0;-1;48.4;48.2;0.0;0.0;0.0;0.0;0.0;0.0;48.0;47.8;47.9;48.4;48.2;48.3;48.4;48.2;48.3;30.14;30.13;-0.08;0.0;0.0
IBLUMENA15;America/Sao_Paulo;2020-07-03T04:19:55Z;2020-07-03 01:19:55;1593749995;-26.80653;-49.092304;0.0;0.0;138;99.0;99.0;99.0;-1;48.4;48.2;0.0;0.0;0.0;0.0;0.0;0.0;48.0;47.8;47.9;48.4;48.2;48.3;48.4;48.2;48.3;30.13;30.12;-0.04;0.0;0.0
IBLUMENA15;America/Sao_Paulo;2020-07-03T04:24:59Z;2020-07-03 01:24:59;1593750299;-26.80653;-49.092304;0.0;0.0;138;99.0;99.0;99.0;-1;48.2;48.2;0.0;0.0;0.0;0.0;0.0;0.0;47.8;47.8;47.8;48.2;48.2;48.2;48.2;48.2;48.2;30.13;30.12;0.08;0.0;0.0
IBLUMENA15;America/Sao_Paulo;2020-07-03T04:29:47Z;2020-07-03 01:29:47;1593750587;-26.80653;-49.092304;0.0;0.0;138;99.0;99.0;99.0;-1;48.2;48.0;0.0;0.0;0.0;0.0;0.0;0.0;47.8;47.7;47.8;48.2;48.0;48.2;48.2;48.0;48.2;30.13;30.12;-0.12;0.0;0.0
IBLUMENA15;America/Sao_Paulo;2020-07-03T04:34:51Z;2020-07-03 01:34:51;1593750891;-26.80653;-49.092304;0.0;0.0;138;99.0;99.0;99.0;-1;48.2;48.0;0.0;0.0;0.0;0.0;0.0;0.0;47.8;47.7;47.7;48.2;48.0;48.0;48.2;48.0;48.0;30.13;30.12;0.0;0.0;0.0
IBLUMENA15;America/Sao_Paulo;2020-07-03T04:39:55Z;2020-07-03 01:39:55;1593751195;-26.80653;-49.092304;0.0;0.0;138;99.0;99.0;99.0;-1;48.0;47.8;0.0;0.0;0.0;0.0;0.0;0.0;47.7;47.5;47.6;48.0;47.8;47.9;48.0;47.8;47.9;30.12;30.12;0.0;0.0;0.0
IBLUMENA15;America/Sao_Paulo;2020-07-03T04:44:59Z;2020-07-03 01:44:59;1593751499;-26.80653;-49.092304;0.0;0.0;138;99.0;99.0;99.0;-1;48.0;47.8;0.0;0.0;0.0;0.0;0.0;0.0;47.7;47.5;47.6;48.0;47.8;47.9;48.0;47.8;47.9;30.12;30.12;0.0;0.0;0.0
IBLUMENA15;America/Sao_Paulo;2020-07-03T04:49:47Z;2020-07-03 01:49:47;1593751787;-26.80653;-49.092304;0.0;0.0;139;99.0;99.0;99.0;-1;48.0;47.7;0.0;0.0;0.0;0.0;0.0;0.0;47.7;47.3;47.4;48.0;47.7;47.8;48.0;47.7;47.8;30.12;30.12;-0.04;0.0;0.0
IBLUMENA15;America/Sao_Paulo;2020-07-03T04:54:51Z;2020-07-03 01:54:51;1593752091;-26.80653;-49.092304;0.0;0.0;139;99.0;99.0;99.0;-1;47.8;47.7;0.0;0.0;0.0;0.0;0.0;0.0;47.5;47.3;47.4;47.8;47.7;47.7;47.8;47.7;47.7;30.12;30.12;0.0;0.0;0.0
IBLUMENA15;America/Sao_Paulo;2020-07-03T04:59:55Z;2020-07-03 01:59:55;1593752395;-26.80653;-49.092304;0.0;0.0;139;99.0;99.0;99.0;-1;47.7;47.5;0.0;0.0;0.0;0.0;0.0;0.0;47.3;47.1;47.1;47.7;47.5;47.5;47.7;47.5;47.5;30.13;30.12;0.08;0.0;0.0
IBLUMENA15;America/Sao_Paulo;2020-07-03T05:04:59Z;2020-07-03 02:04:59;1593752699;-26.80653;-49.092304;0.0;0.0;138;99.0;99.0;99.0;-1;47.5;47.3;0.2;0.0;0.0;1.1;0.0;0.1;47.1;46.9;47.0;47.5;47.3;47.3;47.5;47.3;47.3;30.13;30.12;-0.04;0.0;0.0
IBLUMENA15;America/Sao_Paulo;2020-07-03T05:09:47Z;2020-07-03 02:09:47;1593752987;-26.80653;-49.092304;0.0;0.0;138;99.0;99.0;99.0;-1;47.3;47.3;0.7;0.0;0.1;1.1;0.0;0.2;46.9;46.9;46.9;47.3;47.3;47.3;47.3;47.3;47.3;30.12;30.12;-0.04;0.0;0.0
IBLUMENA15;America/Sao_Paulo;2020-07-03T05:14:51Z;2020-07-03 02:14:51;1593753291;-26.80653;-49.092304;0.0;0.0;138;99.0;99.0;99.0;-1;47.3;47.3;0.2;0.0;0.0;1.1;0.0;0.0;46.9;46.9;46.9;47.3;47.3;47.3;47.3;47.3;47.3;30.12;30.11;-0.08;0.0;0.0
IBLUMENA15;America/Sao_Paulo;2020-07-03T05:19:55Z;2020-07-03 02:19:55;1593753595;-26.80653;-49.092304;0.0;0.0;138;99.0;99.0;99.0;-1;47.3;47.3;0.0;0.0;0.0;0.0;0.0;0.0;46.9;46.9;46.9;47.3;47.3;47.3;47.3;47.3;47.3;30.12;30.12;0.04;0.0;0.0
IBLUMENA15;America/Sao_Paulo;2020-07-03T05:24:59Z;2020-07-03 02:24:59;1593753899;-26.80653;-49.092304;0.0;0.0;138;99.0;99.0;99.0;-1;47.3;47.1;0.0;0.0;0.0;0.0;0.0;0.0;46.9;46.8;46.8;47.3;47.1;47.1;47.3;47.1;47.1;30.12;30.12;0.04;0.0;0.0
IBLUMENA15;America/Sao_Paulo;2020-07-03T05:29:47Z;2020-07-03 02:29:47;1593754187;-26.80653;-49.092304;0.0;0.0;138;99.0;99.0;99.0;-1;47.3;47.1;0.0;0.0;0.0;0.0;0.0;0.0;46.9;46.8;46.8;47.3;47.1;47.2;47.3;47.1;47.2;30.13;30.12;0.0;0.0;0.0
IBLUMENA15;America/Sao_Paulo;2020-07-03T05:34:51Z;2020-07-03 02:34:51;1593754491;-26.80653;-49.092304;0.0;0.0;135;99.0;99.0;99.0;-1;47.3;47.3;1.1;0.2;0.6;1.1;1.1;1.1;46.9;46.9;46.9;47.3;47.3;47.3;47.3;47.3;47.3;30.12;30.12;0.0;0.0;0.0
IBLUMENA15;America/Sao_Paulo;2020-07-03T05:39:55Z;2020-07-03 02:39:55;1593754795;-26.80653;-49.092304;0.0;0.0;133;99.0;99.0;99.0;-1;47.1;47.1;1.1;0.0;0.6;1.1;0.0;0.9;46.8;46.8;46.8;47.1;47.1;47.1;47.1;47.1;47.1;30.12;30.12;0.04;0.0;0.0
IBLUMENA15;America/Sao_Paulo;2020-07-03T05:44:59Z;2020-07-03 02:44:59;1593755099;-26.80653;-49.092304;0.0;0.0;134;99.0;99.0;99.0;-1;47.1;47.1;0.7;0.0;0.1;1.1;0.0;0.3;46.8;46.8;46.8;47.1;47.1;47.1;47.1;47.1;47.1;30.12;30.12;-0.11;0.0;0.0
IBLUMENA15;America/Sao_Paulo;2020-07-03T05:49:47Z;2020-07-03 02:49:47;1593755387;-26.80653;-49.092304;0.0;0.0;135;99.0;99.0;99.0;-1;47.3;47.1;0.4;0.0;0.1;1.1;0.0;0.3;46.9;46.8;46.9;47.3;47.1;47.2;47.3;47.1;47.2;30.12;30.12;0.12;0.0;0.0
IBLUMENA15;America/Sao_Paulo;2020-07-03T05:54:51Z;2020-07-03 02:54:51;1593755691;-26.80653;-49.092304;0.0;0.0;135;99.0;99.0;99.0;-1;47.5;47.3;0.2;0.0;0.0;1.1;0.0;0.0;47.1;46.9;47.0;47.5;47.3;47.4;47.5;47.3;47.4;30.13;30.12;0.08;0.0;0.0
IBLUMENA15;America/Sao_Paulo;2020-07-03T05:59:55Z;2020-07-03 02:59:55;1593755995;-26.80653;-49.092304;0.0;0.0;135;99.0;99.0;99.0;-1;47.7;47.5;0.0;0.0;0.0;0.0;0.0;0.0;47.3;47.1;47.2;47.7;47.5;47.6;47.7;47.5;47.6;30.13;30.12;0.0;0.0;0.0
IBLUMENA15;America/Sao_Paulo;2020-07-03T06:04:59Z;2020-07-03 03:04:59;1593756299;-26.80653;-49.092304;0.0;0.0;135;99.0;99.0;99.0;-1;47.7;47.5;0.0;0.0;0.0;0.0;0.0;0.0;47.3;47.1;47.2;47.7;47.5;47.6;47.7;47.5;47.6;30.14;30.12;0.08;0.0;0.0
IBLUMENA15;America/Sao_Paulo;2020-07-03T06:09:47Z;2020-07-03 03:09:47;1593756587;-26.80653;-49.092304;0.0;0.0;135;99.0;99.0;99.0;-1;47.5;47.5;0.4;0.0;0.1;1.1;0.0;0.3;47.1;47.1;47.1;47.5;47.5;47.5;47.5;47.5;47.5;30.14;30.12;-0.2;0.0;0.0
IBLUMENA15;America/Sao_Paulo;2020-07-03T06:14:51Z;2020-07-03 03:14:51;1593756891;-26.80653;-49.092304;0.0;0.0;134;99.0;99.0;99.0;-1;47.5;47.3;0.9;0.0;0.4;1.1;0.0;0.7;47.1;46.9;47.0;47.5;47.3;47.4;47.5;47.3;47.4;30.13;30.12;0.0;0.0;0.0
IBLUMENA15;America/Sao_Paulo;2020-07-03T06:19:55Z;2020-07-03 03:19:55;1593757195;-26.80653;-49.092304;0.0;0.0;134;99.0;99.0;99.0;-1;47.3;47.3;1.1;0.0;0.4;1.1;0.0;0.8;46.9;46.9;46.9;47.3;47.3;47.3;47.3;47.3;47.3;30.13;30.12;0.04;0.0;0.0
IBLUMENA15;America/Sao_Paulo;2020-07-03T06:24:59Z;2020-07-03 03:24:59;1593757499;-26.80653;-49.092304;0.0;0.0;133;99.0;99.0;99.0;-1;47.5;47.5;1.1;0.0;0.4;1.1;0.0;0.8;47.1;47.1;47.1;47.5;47.5;47.5;47.5;47.5;47.5;30.13;30.12;-0.08;0.0;0.0
IBLUMENA15;America/Sao_Paulo;2020-07-03T06:29:47Z;2020-07-03 03:29:47;1593757787;-26.80653;-49.092304;0.0;0.0;134;99.0;99.0;99.0;-1;47.5;47.1;0.7;0.0;0.2;1.1;0.0;0.3;47.1;46.8;46.9;47.5;47.1;47.3;47.5;47.1;47.3;30.12;30.12;0.0;0.0;0.0
IBLUMENA15;America/Sao_Paulo;2020-07-03T06:34:51Z;2020-07-03 03:34:51;1593758091;-26.80653;-49.092304;0.0;0.0;135;99.0;99.0;99.0;-1;47.1;47.1;0.0;0.0;0.0;0.0;0.0;0.0;46.8;46.8;46.8;47.1;47.1;47.1;47.1;47.1;47.1;30.12;30.12;0.0;0.0;0.0
IBLUMENA15;America/Sao_Paulo;2020-07-03T06:39:55Z;2020-07-03 03:39:55;1593758395;-26.80653;-49.092304;0.0;0.0;135;99.0;99.0;99.0;-1;47.1;46.9;0.0;0.0;0.0;0.0;0.0;0.0;46.8;46.6;46.8;47.1;46.9;47.1;47.1;46.9;47.1;30.12;30.11;-0.14;0.0;0.0
IBLUMENA15;America/Sao_Paulo;2020-07-03T06:44:59Z;2020-07-03 03:44:59;1593758699;-26.80653;-49.092304;0.0;0.0;134;99.0;99.0;99.0;-1;47.1;46.9;0.9;0.0;0.1;1.1;0.0;0.3;46.8;46.6;46.6;47.1;46.9;46.9;47.1;46.9;46.9;30.12;30.11;0.1;0.0;0.0
IBLUMENA15;America/Sao_Paulo;2020-07-03T06:49:47Z;2020-07-03 03:49:47;1593758987;-26.80653;-49.092304;0.0;0.0;146;99.0;99.0;99.0;-1;47.1;46.9;0.7;0.0;0.0;1.1;0.0;0.1;46.8;46.6;46.7;47.1;46.9;47.0;47.1;46.9;47.0;30.12;30.11;0.04;0.0;0.0
IBLUMENA15;America/Sao_Paulo;2020-07-03T06:54:51Z;2020-07-03 03:54:51;1593759291;-26.80653;-49.092304;0.0;0.0;164;99.0;99.0;99.0;-1;47.3;46.9;1.3;0.2;0.7;2.2;1.1;1.2;46.9;46.6;46.8;47.3;46.9;47.1;47.3;46.9;47.1;30.12;30.12;-0.04;0.0;0.0
IBLUMENA15;America/Sao_Paulo;2020-07-03T06:59:55Z;2020-07-03 03:59:55;1593759595;-26.80653;-49.092304;0.0;0.0;118;99.0;99.0;99.0;-1;47.3;46.8;2.5;0.9;1.4;3.4;1.1;1.8;46.9;46.4;46.8;47.3;46.8;47.1;47.3;46.8;47.1;30.12;30.11;0.08;0.0;0.0
IBLUMENA15;America/Sao_Paulo;2020-07-03T07:04:59Z;2020-07-03 04:04:59;1593759899;-26.80653;-49.092304;0.0;0.0;101;99.0;99.0;99.0;-1;46.9;46.8;2.9;0.0;1.4;3.4;0.0;2.0;46.6;46.4;46.5;46.9;46.8;46.8;46.9;46.8;46.8;30.12;30.12;-0.04;0.0;0.0
IBLUMENA15;America/Sao_Paulo;2020-07-03T07:09:47Z;2020-07-03 04:09:47;1593760187;-26.80653;-49.092304;0.0;0.0;138;99.0;99.0;99.0;-1;46.9;46.4;0.7;0.0;0.1;1.1;0.0;0.3;46.6;46.0;46.3;46.9;46.4;46.7;46.9;46.4;46.7;30.12;30.12;0.0;0.0;0.0
IBLUMENA15;America/Sao_Paulo;2020-07-03T07:14:51Z;2020-07-03 04:14:51;1593760491;-26.80653;-49.092304;0.0;0.0;146;99.0;99.0;99.0;-1;46.8;46.4;1.8;0.0;0.3;2.2;0.0;0.7;46.4;46.0;46.2;46.8;46.4;46.6;46.8;46.4;46.6;30.13;30.12;0.11;0.0;0.0
IBLUMENA15;America/Sao_Paulo;2020-07-03T07:19:55Z;2020-07-03 04:19:55;1593760795;-26.80653;-49.092304;0.0;0.0;123;99.0;99.0;99.0;-1;46.8;46.6;1.8;0.0;0.8;2.2;0.0;1.1;46.4;46.2;46.3;46.8;46.6;46.7;46.8;46.6;46.7;30.13;30.12;-0.11;0.0;0.0
IBLUMENA15;America/Sao_Paulo;2020-07-03T07:24:59Z;2020-07-03 04:24:59;1593761099;-26.80653;-49.092304;0.0;0.0;150;99.0;99.0;99.0;-1;46.9;46.8;0.7;0.0;0.1;1.1;0.0;0.4;46.6;46.4;46.5;46.9;46.8;46.9;46.9;46.8;46.9;30.13;30.12;0.0;0.0;0.0
IBLUMENA15;America/Sao_Paulo;2020-07-03T07:29:47Z;2020-07-03 04:29:47;1593761387;-26.80653;-49.092304;0.0;0.0;139;99.0;99.0;99.0;-1;46.8;46.8;1.1;0.0;0.5;1.1;0.0;0.7;46.4;46.4;46.4;46.8;46.8;46.8;46.8;46.8;46.8;30.12;30.12;0.04;0.0;0.0
IBLUMENA15;America/Sao_Paulo;2020-07-03T07:34:51Z;2020-07-03 04:34:51;1593761691;-26.80653;-49.092304;0.0;0.0;130;99.0;99.0;99.0;-1;46.9;46.8;1.1;0.0;0.5;1.1;0.0;0.6;46.6;46.4;46.6;46.9;46.8;46.9;46.9;46.8;46.9;30.13;30.12;0.0;0.0;0.0
IBLUMENA15;America/Sao_Paulo;2020-07-03T07:39:55Z;2020-07-03 04:39:55;1593761995;-26.80653;-49.092304;0.0;0.0;134;99.0;99.0;99.0;-1;46.9;46.9;1.1;0.0;0.3;1.1;0.0;0.5;46.6;46.6;46.6;46.9;46.9;46.9;46.9;46.9;46.9;30.13;30.12;0.04;0.0;0.0
IBLUMENA15;America/Sao_Paulo;2020-07-03T07:44:59Z;2020-07-03 04:44:59;1593762299;-26.80653;-49.092304;0.0;0.0;153;99.0;99.0;99.0;-1;46.9;46.8;0.2;0.0;0.0;1.1;0.0;0.1;46.6;46.4;46.5;46.9;46.8;46.8;46.9;46.8;46.8;30.13;30.12;0.0;0.0;0.0
IBLUMENA15;America/Sao_Paulo;2020-07-03T07:49:47Z;2020-07-03 04:49:47;1593762587;-26.80653;-49.092304;0.0;0.0;152;99.0;99.0;99.0;-1;46.9;46.8;0.0;0.0;0.0;0.0;0.0;0.0;46.6;46.4;46.6;46.9;46.8;46.9;46.9;46.8;46.9;30.13;30.12;0.04;0.0;0.0
IBLUMENA15;America/Sao_Paulo;2020-07-03T07:54:51Z;2020-07-03 04:54:51;1593762891;-26.80653;-49.092304;0.0;0.0;152;99.0;99.0;99.0;-1;46.9;46.8;0.2;0.0;0.0;1.1;0.0;0.0;46.6;46.4;46.4;46.9;46.8;46.8;46.9;46.8;46.8;30.13;30.13;0.08;0.0;0.0
IBLUMENA15;America/Sao_Paulo;2020-07-03T07:59:55Z;2020-07-03 04:59:55;1593763195;-26.80653;-49.092304;0.0;0.0;156;99.0;99.0;99.0;-1;47.1;46.9;0.9;0.0;0.3;1.1;0.0;0.6;46.8;46.6;46.7;47.1;46.9;47.0;47.1;46.9;47.0;30.13;30.12;-0.04;0.0;0.0
IBLUMENA15;America/Sao_Paulo;2020-07-03T08:04:59Z;2020-07-03 05:04:59;1593763499;-26.80653;-49.092304;0.0;0.0;153;99.0;99.0;99.0;-1;47.3;47.1;0.9;0.0;0.2;1.1;0.0;0.5;46.9;46.8;46.8;47.3;47.1;47.1;47.3;47.1;47.1;30.13;30.12;0.0;0.0;0.0
IBLUMENA15;America/Sao_Paulo;2020-07-03T08:09:47Z;2020-07-03 05:09:47;1593763787;-26.80653;-49.092304;0.0;0.0;145;99.0;99.0;99.0;-1;47.3;46.9;0.7;0.0;0.2;1.1;0.0;0.7;46.9;46.6;46.8;47.3;46.9;47.1;47.3;46.9;47.1;30.13;30.13;0.04;0.0;0.0
IBLUMENA15;America/Sao_Paulo;2020-07-03T08:14:51Z;2020-07-03 05:14:51;1593764091;-26.80653;-49.092304;0.0;0.0;142;99.0;99.0;99.0;-1;46.9;46.6;1.1;0.0;0.1;1.1;0.0;0.2;46.6;46.2;46.4;46.9;46.6;46.8;46.9;46.6;46.8;30.14;30.13;0.0;0.0;0.0
IBLUMENA15;America/Sao_Paulo;2020-07-03T08:19:55Z;2020-07-03 05:19:55;1593764395;-26.80653;-49.092304;0.0;0.0;132;99.0;99.0;99.0;-1;46.6;46.6;1.3;0.0;0.3;2.2;0.0;0.6;46.2;46.2;46.2;46.6;46.6;46.6;46.6;46.6;46.6;30.14;30.13;0.11;0.0;0.0
IBLUMENA15;America/Sao_Paulo;2020-07-03T08:24:59Z;2020-07-03 05:24:59;1593764699;-26.80653;-49.092304;0.0;0.0;128;99.0;99.0;99.0;-1;46.6;46.4;1.1;0.0;0.5;1.1;0.0;0.6;46.2;46.0;46.2;46.6;46.4;46.6;46.6;46.4;46.6;30.14;30.14;-0.04;0.0;0.0
IBLUMENA15;America/Sao_Paulo;2020-07-03T08:29:47Z;2020-07-03 05:29:47;1593764987;-26.80653;-49.092304;0.0;0.0;138;99.0;99.0;99.0;-1;46.6;46.6;0.0;0.0;0.0;0.0;0.0;0.0;46.2;46.2;46.2;46.6;46.6;46.6;46.6;46.6;46.6;30.15;30.14;0.08;0.0;0.0
IBLUMENA15;America/Sao_Paulo;2020-07-03T08:34:51Z;2020-07-03 05:34:51;1593765291;-26.80653;-49.092304;0.0;0.0;138;99.0;99.0;99.0;-1;46.6;46.4;0.7;0.0;0.1;1.1;0.0;0.2;46.2;46.0;46.2;46.6;46.4;46.6;46.6;46.4;46.6;30.15;30.14;-0.04;0.0;0.0
IBLUMENA15;America/Sao_Paulo;2020-07-03T08:39:55Z;2020-07-03 05:39:55;1593765595;-26.80653;-49.092304;0.0;0.0;138;99.0;99.0;99.0;-1;46.4;46.4;0.0;0.0;0.0;0.0;0.0;0.0;46.0;46.0;46.0;46.4;46.4;46.4;46.4;46.4;46.4;30.14;30.14;-0.08;0.0;0.0
IBLUMENA15;America/Sao_Paulo;2020-07-03T08:44:59Z;2020-07-03 05:44:59;1593765899;-26.80653;-49.092304;0.0;0.0;139;99.0;99.0;99.0;-1;46.4;46.4;0.0;0.0;0.0;0.0;0.0;0.0;46.0;46.0;46.0;46.4;46.4;46.4;46.4;46.4;46.4;30.15;30.14;0.11;0.0;0.0
IBLUMENA15;America/Sao_Paulo;2020-07-03T08:49:47Z;2020-07-03 05:49:47;1593766187;-26.80653;-49.092304;0.0;0.0;139;99.0;99.0;99.0;-1;46.6;46.4;0.0;0.0;0.0;0.0;0.0;0.0;46.2;46.0;46.1;46.6;46.4;46.5;46.6;46.4;46.5;30.15;30.14;0.04;0.0;0.0
IBLUMENA15;America/Sao_Paulo;2020-07-03T08:54:51Z;2020-07-03 05:54:51;1593766491;-26.80653;-49.092304;0.0;0.0;138;99.0;99.0;99.0;-1;46.4;46.2;0.4;0.0;0.1;1.1;0.0;0.2;46.0;45.9;45.9;46.4;46.2;46.3;46.4;46.2;46.3;30.15;30.14;0.0;0.0;0.0
IBLUMENA15;America/Sao_Paulo;2020-07-03T08:59:55Z;2020-07-03 05:59:55;1593766795;-26.80653;-49.092304;0.0;0.0;138;99.0;99.0;99.0;-1;46.4;46.0;0.7;0.0;0.2;1.1;0.0;0.5;46.0;45.7;45.9;46.4;46.0;46.2;46.4;46.0;46.2;30.15;30.14;-0.11;0.0;0.0
IBLUMENA15;America/Sao_Paulo;2020-07-03T09:04:59Z;2020-07-03 06:04:59;1593767099;-26.80653;-49.092304;0.0;0.0;137;99.0;99.0;99.0;-1;46.0;46.0;1.1;0.0;0.3;1.1;0.0;0.6;45.7;45.7;45.7;46.0;46.0;46.0;46.0;46.0;46.0;30.15;30.14;0.08;0.0;0.0
IBLUMENA15;America/Sao_Paulo;2020-07-03T09:09:47Z;2020-07-03 06:09:47;1593767387;-26.80653;-49.092304;0.0;0.0;139;99.0;99.0;99.0;-1;46.0;45.7;0.0;0.0;0.0;0.0;0.0;0.0;45.7;45.3;45.5;46.0;45.7;45.9;46.0;45.7;45.9;30.15;30.14;-0.08;0.0;0.0
IBLUMENA15;America/Sao_Paulo;2020-07-03T09:14:51Z;2020-07-03 06:14:51;1593767691;-26.80653;-49.092304;0.0;0.0;138;99.0;99.0;99.0;-1;45.7;45.5;0.2;0.0;0.0;1.1;0.0;0.2;45.3;45.1;45.2;45.7;45.5;45.6;45.7;45.5;45.6;30.15;30.14;0.11;0.0;0.0
IBLUMENA15;America/Sao_Paulo;2020-07-03T09:19:55Z;2020-07-03 06:19:55;1593767995;-26.80653;-49.092304;0.0;0.0;139;99.0;99.0;99.0;-1;45.5;45.3;0.0;0.0;0.0;0.0;0.0;0.0;45.1;45.0;45.1;45.5;45.3;45.4;45.5;45.3;45.4;30.15;30.15;0.04;0.0;0.0
IBLUMENA15;America/Sao_Paulo;2020-07-03T09:24:59Z;2020-07-03 06:24:59;1593768299;-26.80653;-49.092304;0.0;0.0;139;99.0;99.0;99.0;-1;45.5;45.5;0.0;0.0;0.0;0.0;0.0;0.0;45.1;45.1;45.1;45.5;45.5;45.5;45.5;45.5;45.5;30.16;30.15;0.08;0.0;0.0
IBLUMENA15;America/Sao_Paulo;2020-07-03T09:29:47Z;2020-07-03 06:29:47;1593768587;-26.80653;-49.092304;0.0;0.0;140;99.0;99.0;99.0;-1;45.7;45.5;0.0;0.0;0.0;0.0;0.0;0.0;45.3;45.1;45.2;45.7;45.5;45.6;45.7;45.5;45.6;30.16;30.15;0.08;0.0;0.0
IBLUMENA15;America/Sao_Paulo;2020-07-03T09:34:51Z;2020-07-03 06:34:51;1593768891;-26.80653;-49.092304;0.0;0.0;141;99.0;99.0;99.0;-1;45.5;45.3;0.0;0.0;0.0;0.0;0.0;0.0;45.1;45.0;45.0;45.5;45.3;45.4;45.5;45.3;45.4;30.16;30.16;-0.08;0.0;0.0
IBLUMENA15;America/Sao_Paulo;2020-07-03T09:39:55Z;2020-07-03 06:39:55;1593769195;-26.80653;-49.092304;0.0;0.0;141;99.0;99.0;99.0;-1;45.3;45.1;0.0;0.0;0.0;0.0;0.0;0.0;45.0;44.8;44.9;45.3;45.1;45.2;45.3;45.1;45.2;30.17;30.15;0.11;0.0;0.0
IBLUMENA15;America/Sao_Paulo;2020-07-03T09:44:59Z;2020-07-03 06:44:59;1593769499;-26.80653;-49.092304;0.0;0.0;141;99.0;99.0;99.0;-1;45.1;45.0;0.0;0.0;0.0;0.0;0.0;0.0;44.8;44.6;44.7;45.1;45.0;45.0;45.1;45.0;45.0;30.17;30.16;-0.04;0.0;0.0
IBLUMENA15;America/Sao_Paulo;2020-07-03T09:49:47Z;2020-07-03 06:49:47;1593769787;-26.80653;-49.092304;0.0;0.0;144;99.0;99.0;99.0;-1;45.0;44.6;0.0;0.0;0.0;0.0;0.0;0.0;44.6;44.2;44.4;45.0;44.6;44.8;45.0;44.6;44.8;30.17;30.16;0.0;0.0;0.0
IBLUMENA15;America/Sao_Paulo;2020-07-03T09:54:51Z;2020-07-03 06:54:51;1593770091;-26.80653;-49.092304;0.0;0.0;145;99.0;99.0;99.0;-1;44.8;44.6;0.0;0.0;0.0;0.0;0.0;0.0;44.4;44.2;44.2;44.8;44.6;44.6;44.8;44.6;44.6;30.17;30.16;0.04;0.0;0.0
IBLUMENA15;America/Sao_Paulo;2020-07-03T09:59:55Z;2020-07-03 06:59:55;1593770395;-26.80653;-49.092304;0.9;0.0;144;99.0;99.0;99.0;-1;44.8;44.4;0.2;0.0;0.0;1.1;0.0;0.0;44.4;44.1;44.3;44.8;44.4;44.7;44.8;44.4;44.7;30.17;30.16;0.0;0.0;0.0
IBLUMENA15;America/Sao_Paulo;2020-07-03T10:04:59Z;2020-07-03 07:04:59;1593770699;-26.80653;-49.092304;1.7;0.0;132;99.0;99.0;99.0;-1;44.4;44.2;1.3;0.0;0.4;2.2;0.0;0.6;44.1;43.9;44.0;44.4;44.2;44.3;44.4;44.2;44.3;30.17;30.16;0.04;0.0;0.0
IBLUMENA15;America/Sao_Paulo;2020-07-03T10:09:47Z;2020-07-03 07:09:47;1593770987;-26.80653;-49.092304;3.4;0.0;140;99.0;99.0;99.0;-1;44.2;43.9;0.7;0.0;0.1;1.1;0.0;0.2;43.9;43.5;43.7;44.2;43.9;44.1;44.2;43.9;44.1;30.17;30.16;-0.08;0.0;0.0
IBLUMENA15;America/Sao_Paulo;2020-07-03T10:14:51Z;2020-07-03 07:14:51;1593771291;-26.80653;-49.092304;5.1;0.0;142;99.0;99.0;99.0;-1;43.9;43.5;0.0;0.0;0.0;0.0;0.0;0.0;43.5;43.2;43.3;43.9;43.5;43.7;43.9;43.5;43.7;30.17;30.16;0.11;0.0;0.0
IBLUMENA15;America/Sao_Paulo;2020-07-03T10:19:55Z;2020-07-03 07:19:55;1593771595;-26.80653;-49.092304;8.2;0.0;142;99.0;99.0;99.0;-1;43.5;43.5;0.0;0.0;0.0;0.0;0.0;0.0;43.2;43.2;43.2;43.5;43.5;43.5;43.5;43.5;43.5;30.17;30.17;-0.08;0.0;0.0
IBLUMENA15;America/Sao_Paulo;2020-07-03T10:24:59Z;2020-07-03 07:24:59;1593771899;-26.80653;-49.092304;11.3;0.0;142;99.0;99.0;99.0;-1;43.5;43.5;0.2;0.0;0.0;1.1;0.0;0.0;43.2;43.2;43.2;43.5;43.5;43.5;43.5;43.5;43.5;30.17;30.17;0.08;0.0;0.0
IBLUMENA15;America/Sao_Paulo;2020-07-03T10:29:47Z;2020-07-03 07:29:47;1593772187;-26.80653;-49.092304;13.3;0.0;140;99.0;99.0;99.0;-1;43.5;43.3;1.1;0.0;0.2;1.1;0.0;0.3;43.2;43.0;43.1;43.5;43.3;43.4;43.5;43.3;43.4;30.18;30.17;0.04;0.0;0.0
IBLUMENA15;America/Sao_Paulo;2020-07-03T10:34:51Z;2020-07-03 07:34:51;1593772491;-26.80653;-49.092304;15.5;0.0;136;99.0;99.0;99.0;-1;43.3;43.3;0.9;0.0;0.3;1.1;0.0;0.8;43.0;43.0;43.0;43.3;43.3;43.3;43.3;43.3;43.3;30.18;30.18;0.0;0.0;0.0
IBLUMENA15;America/Sao_Paulo;2020-07-03T10:39:55Z;2020-07-03 07:39:55;1593772795;-26.80653;-49.092304;19.5;0.0;112;99.0;99.0;99.0;-1;43.5;43.3;2.5;0.0;1.4;3.4;0.0;1.8;43.2;43.0;43.1;43.5;43.3;43.3;43.5;43.3;43.3;30.18;30.18;0.0;0.0;0.0
IBLUMENA15;America/Sao_Paulo;2020-07-03T10:44:59Z;2020-07-03 07:44:59;1593773099;-26.80653;-49.092304;24.2;0.0;134;99.0;99.0;99.0;-1;44.4;43.5;1.1;0.0;0.3;1.1;0.0;0.6;44.1;43.2;43.3;44.4;43.5;43.7;44.4;43.5;43.7;30.19;30.18;0.06;0.0;0.0
IBLUMENA15;America/Sao_Paulo;2020-07-03T10:49:47Z;2020-07-03 07:49:47;1593773387;-26.80653;-49.092304;28.1;0.0;130;99.0;99.0;99.0;-1;44.8;44.4;1.3;0.0;0.6;2.2;0.0;1.1;44.4;44.1;44.2;44.8;44.4;44.6;44.8;44.4;44.6;30.19;30.18;0.16;0.0;0.0
IBLUMENA15;America/Sao_Paulo;2020-07-03T10:54:51Z;2020-07-03 07:54:51;1593773691;-26.80653;-49.092304;30.7;0.0;129;99.0;99.0;99.0;-1;45.5;44.8;1.1;0.0;0.5;2.2;0.0;0.8;45.1;44.4;44.8;45.5;44.8;45.2;45.5;44.8;45.2;30.19;30.18;-0.04;0.0;0.0
IBLUMENA15;America/Sao_Paulo;2020-07-03T10:59:55Z;2020-07-03 07:59:55;1593773995;-26.80653;-49.092304;33.8;0.0;128;99.0;99.0;99.0;-1;46.2;45.5;1.3;0.2;0.7;2.2;1.1;1.2;45.9;45.1;45.5;46.2;45.5;45.8;46.2;45.5;45.8;30.19;30.18;-0.08;0.0;0.0
IBLUMENA15;America/Sao_Paulo;2020-07-03T11:04:59Z;2020-07-03 08:04:59;1593774299;-26.80653;-49.092304;36.8;0.0;130;98.0;96.0;97.2;-1;47.1;46.2;0.9;0.0;0.5;1.1;0.0;0.8;46.4;45.7;46.1;47.1;46.2;46.8;47.1;46.2;46.8;30.19;30.18;0.0;0.0;0.0
IBLUMENA15;America/Sao_Paulo;2020-07-03T11:09:47Z;2020-07-03 08:09:47;1593774587;-26.80653;-49.092304;40.7;0.0;117;96.0;94.0;95.0;-1;47.5;47.1;2.2;0.2;1.2;2.2;1.1;1.6;46.4;45.7;46.0;47.5;47.1;47.4;47.5;47.1;47.4;30.19;30.18;0.04;0.0;0.0
IBLUMENA15;America/Sao_Paulo;2020-07-03T11:14:51Z;2020-07-03 08:14:51;1593774891;-26.80653;-49.092304;44.2;0.0;128;95.0;93.0;93.6;-1;48.4;47.5;1.1;0.0;0.6;1.1;0.0;1.0;46.4;45.7;46.1;48.4;47.5;47.9;48.4;47.5;47.9;30.19;30.18;-0.08;0.0;0.0
IBLUMENA15;America/Sao_Paulo;2020-07-03T11:19:55Z;2020-07-03 08:19:55;1593775195;-26.80653;-49.092304;48.9;0.0;134;93.0;91.0;92.3;-1;49.6;48.4;0.7;0.0;0.1;1.1;0.0;0.5;47.3;46.4;46.9;49.6;48.4;49.0;49.6;48.4;49.0;30.18;30.17;0.0;0.0;0.0
IBLUMENA15;America/Sao_Paulo;2020-07-03T11:24:59Z;2020-07-03 08:24:59;1593775499;-26.80653;-49.092304;54.2;0.0;124;92.0;90.0;91.0;-1;49.8;49.6;1.8;0.0;0.8;2.2;0.0;1.2;47.5;46.9;47.2;49.8;49.6;49.7;49.8;49.6;49.7;30.18;30.18;0.04;0.0;0.0
IBLUMENA15;America/Sao_Paulo;2020-07-03T11:29:47Z;2020-07-03 08:29:47;1593775787;-26.80653;-49.092304;59.8;0.0;133;92.0;91.0;91.4;-1;49.8;49.3;1.1;0.0;0.5;1.1;0.0;0.7;47.3;46.8;47.0;49.8;49.3;49.4;49.8;49.3;49.4;30.2;30.18;0.16;0.0;0.0
IBLUMENA15;America/Sao_Paulo;2020-07-03T11:34:51Z;2020-07-03 08:34:51;1593776091;-26.80653;-49.092304;69.7;0.0;138;90.0;85.0;87.4;-1;52.3;49.6;0.2;0.0;0.0;1.1;0.0;0.1;48.4;46.6;47.6;52.3;49.6;51.2;52.3;49.6;51.2;30.2;30.19;-0.08;0.0;0.0
IBLUMENA15;America/Sao_Paulo;2020-07-03T11:39:55Z;2020-07-03 08:39:55;1593776395;-26.80653;-49.092304;71.9;0.0;140;86.0;80.0;82.9;-1;54.7;52.3;0.0;0.0;0.0;0.0;0.0;0.0;48.9;47.8;48.3;54.7;52.3;53.3;54.7;52.3;53.3;30.2;30.19;0.08;0.0;0.0
IBLUMENA15;America/Sao_Paulo;2020-07-03T11:44:59Z;2020-07-03 08:44:59;1593776699;-26.80653;-49.092304;82.8;0.0;146;85.0;81.0;82.2;-1;54.7;53.1;0.7;0.0;0.1;1.1;0.0;0.2;49.3;48.6;48.9;54.7;53.1;54.2;54.7;53.1;54.2;30.2;30.19;0.0;0.0;0.0
IBLUMENA15;America/Sao_Paulo;2020-07-03T11:49:47Z;2020-07-03 08:49:47;1593776987;-26.80653;-49.092304;85.0;0.0;146;86.0;85.0;85.7;-1;52.9;51.8;0.2;0.0;0.0;1.1;0.0;0.1;48.6;47.7;47.9;52.9;51.8;52.0;52.9;51.8;52.0;30.2;30.18;-0.08;0.0;0.0
IBLUMENA15;America/Sao_Paulo;2020-07-03T11:54:51Z;2020-07-03 08:54:51;1593777291;-26.80653;-49.092304;94.6;0.0;147;85.0;82.0;83.1;-1;54.3;52.3;0.0;0.0;0.0;0.0;0.0;0.0;48.9;47.7;48.5;54.3;52.3;53.5;54.3;52.3;53.5;30.2;30.19;0.08;0.0;0.0
IBLUMENA15;America/Sao_Paulo;2020-07-03T11:59:55Z;2020-07-03 08:59:55;1593777595;-26.80653;-49.092304;105.0;1.0;139;83.0;80.0;81.9;-1;55.2;54.3;1.1;0.0;0.4;1.1;0.0;0.5;50.2;48.9;49.3;55.2;54.3;54.7;55.2;54.3;54.7;30.2;30.19;0.0;0.0;0.0
IBLUMENA15;America/Sao_Paulo;2020-07-03T12:04:59Z;2020-07-03 09:04:59;1593777899;-26.80653;-49.092304;115.7;1.0;147;86.0;83.0;84.9;-1;55.2;52.7;2.0;0.0;0.7;2.2;0.0;1.1;50.2;48.4;49.1;55.2;52.7;53.4;55.2;52.7;53.4;30.2;30.19;0.0;0.0;0.0
IBLUMENA15;America/Sao_Paulo;2020-07-03T12:09:47Z;2020-07-03 09:09:47;1593778187;-26.80653;-49.092304;130.0;1.0;162;86.0;82.0;83.2;-1;53.2;52.7;1.8;0.0;0.8;2.2;0.0;1.2;48.7;47.5;48.0;53.2;52.7;53.0;53.2;52.7;53.0;30.2;30.19;-0.04;0.0;0.0
IBLUMENA15;America/Sao_Paulo;2020-07-03T12:14:51Z;2020-07-03 09:14:51;1593778491;-26.80653;-49.092304;149.1;1.0;156;82.0;78.0;80.3;-1;53.4;53.2;2.2;0.0;1.3;2.2;0.0;1.6;48.0;46.8;47.4;53.4;53.2;53.3;53.4;53.2;53.3;30.2;30.19;0.04;0.0;0.0
IBLUMENA15;America/Sao_Paulo;2020-07-03T12:19:55Z;2020-07-03 09:19:55;1593778795;-26.80653;-49.092304;175.7;1.0;144;80.0;77.0;78.2;-1;54.9;53.2;2.0;0.0;0.7;2.2;0.0;1.2;48.2;47.3;47.9;54.9;53.2;54.5;54.9;53.2;54.5;30.2;30.19;0.04;0.0;0.0
IBLUMENA15;America/Sao_Paulo;2020-07-03T12:24:59Z;2020-07-03 09:24:59;1593779099;-26.80653;-49.092304;177.8;1.0;136;78.0;74.0;76.5;-1;54.7;54.0;2.9;0.4;1.3;3.4;1.1;1.8;48.0;46.0;47.1;54.7;54.0;54.3;54.7;54.0;54.3;30.2;30.2;0.04;0.0;0.0
IBLUMENA15;America/Sao_Paulo;2020-07-03T12:29:47Z;2020-07-03 09:29:47;1593779387;-26.80653;-49.092304;98.0;0.0;132;76.0;71.0;73.9;-1;54.9;54.1;4.0;0.0;1.4;5.8;0.0;1.9;47.3;45.1;46.5;54.9;54.1;54.6;54.9;54.1;54.6;30.2;30.2;0.0;0.0;0.0
IBLUMENA15;America/Sao_Paulo;2020-07-03T12:34:51Z;2020-07-03 09:34:51;1593779691;-26.80653;-49.092304;55.1;0.0;150;75.0;72.0;73.2;-1;54.1;53.8;2.9;0.7;1.8;3.4;1.1;2.4;46.2;45.0;45.6;54.1;53.8;54.0;54.1;53.8;54.0;30.2;30.2;-0.04;0.0;0.0
IBLUMENA15;America/Sao_Paulo;2020-07-03T12:39:55Z;2020-07-03 09:39:55;1593779995;-26.80653;-49.092304;47.7;0.0;143;74.0;72.0;72.9;-1;54.0;53.8;4.3;0.0;1.4;5.8;0.0;2.1;45.9;45.0;45.4;54.0;53.8;53.9;54.0;53.8;53.9;30.21;30.2;-0.04;0.0;0.0
IBLUMENA15;America/Sao_Paulo;2020-07-03T12:44:59Z;2020-07-03 09:44:59;1593780299;-26.80653;-49.092304;46.7;0.0;146;73.0;70.0;71.6;-1;54.5;54.1;3.4;0.4;2.1;4.5;1.1;2.9;45.7;44.8;45.2;54.5;54.1;54.2;54.5;54.1;54.2;30.21;30.2;0.11;0.0;0.0
IBLUMENA15;America/Sao_Paulo;2020-07-03T12:49:47Z;2020-07-03 09:49:47;1593780587;-26.80653;-49.092304;47.7;0.0;165;71.0;68.0;69.3;-1;55.2;54.5;6.9;0.2;3.1;9.2;1.1;4.0;46.0;44.4;45.1;55.2;54.5;55.0;55.2;54.5;55.0;30.21;30.2;0.04;0.0;0.0
IBLUMENA15;America/Sao_Paulo;2020-07-03T12:54:51Z;2020-07-03 09:54:51;1593780891;-26.80653;-49.092304;47.2;0.0;203;69.0;67.0;67.8;-1;55.0;54.9;4.5;0.2;2.5;5.8;1.1;3.2;45.1;44.1;44.4;55.0;54.9;54.9;55.0;54.9;54.9;30.21;30.2;-0.08;0.0;0.0
IBLUMENA15;America/Sao_Paulo;2020-07-03T12:59:55Z;2020-07-03 09:59:55;1593781195;-26.80653;-49.092304;47.7;0.0;169;68.0;65.0;66.7;-1;55.0;54.9;3.4;0.0;1.4;4.5;0.0;2.1;44.6;43.5;44.1;55.0;54.9;55.0;55.0;54.9;55.0;30.21;30.2;-0.04;0.0;0.0
IBLUMENA15;America/Sao_Paulo;2020-07-03T13:04:59Z;2020-07-03 10:04:59;1593781499;-26.80653;-49.092304;55.9;0.0;179;68.0;65.0;65.9;-1;55.6;55.0;4.5;1.1;2.7;6.9;1.1;3.8;45.0;43.9;44.2;55.6;55.0;55.4;55.6;55.0;55.4;30.2;30.19;-0.08;0.0;0.0
IBLUMENA15;America/Sao_Paulo;2020-07-03T13:09:47Z;2020-07-03 10:09:47;1593781787;-26.80653;-49.092304;50.7;0.0;173;67.0;65.0;66.0;-1;55.9;55.2;2.5;0.0;1.1;3.4;0.0;1.5;45.1;43.9;44.4;55.9;55.2;55.6;55.9;55.2;55.6;30.2;30.19;-0.04;0.0;0.0
IBLUMENA15;America/Sao_Paulo;2020-07-03T13:14:51Z;2020-07-03 10:14:51;1593782091;-26.80653;-49.092304;50.7;0.0;197;67.0;65.0;65.6;-1;56.5;55.9;4.5;0.0;1.5;4.5;0.0;2.2;45.3;44.6;45.0;56.5;55.9;56.3;56.5;55.9;56.3;30.19;30.19;0.0;0.0;0.0
IBLUMENA15;America/Sao_Paulo;2020-07-03T13:19:55Z;2020-07-03 10:19:55;1593782395;-26.80653;-49.092304;77.6;0.0;194;65.0;64.0;64.8;-1;56.1;55.6;5.1;1.3;3.4;8.1;2.2;4.6;44.6;43.5;44.2;56.1;55.6;55.8;56.1;55.6;55.8;30.19;30.19;0.0;0.0;0.0
IBLUMENA15;America/Sao_Paulo;2020-07-03T13:24:59Z;2020-07-03 10:24:59;1593782699;-26.80653;-49.092304;125.3;1.0;214;66.0;63.0;64.5;-1;56.3;55.6;5.4;1.8;3.1;6.9;2.2;4.0;44.8;43.7;44.3;56.3;55.6;56.1;56.3;55.6;56.1;30.2;30.19;0.04;0.0;0.0
IBLUMENA15;America/Sao_Paulo;2020-07-03T13:29:47Z;2020-07-03 10:29:47;1593782987;-26.80653;-49.092304;125.3;1.0;208;66.0;63.0;64.0;-1;56.3;55.8;3.6;1.1;2.3;4.5;1.1;3.0;44.6;43.5;43.9;56.3;55.8;55.9;56.3;55.8;55.9;30.2;30.19;-0.04;0.0;0.0
IBLUMENA15;America/Sao_Paulo;2020-07-03T13:34:51Z;2020-07-03 10:34:51;1593783291;-26.80653;-49.092304;203.8;2.0;188;64.0;61.0;63.1;-1;56.7;55.8;4.9;0.9;2.8;6.9;1.1;4.0;44.2;43.2;44.0;56.7;55.8;56.4;56.7;55.8;56.4;30.2;30.19;0.08;0.0;0.0
IBLUMENA15;America/Sao_Paulo;2020-07-03T13:39:55Z;2020-07-03 10:39:55;1593783595;-26.80653;-49.092304;303.6;2.0;196;63.0;61.0;62.1;-1;56.8;56.5;5.1;2.0;3.3;5.8;2.2;4.3;44.2;43.5;43.9;56.8;56.5;56.7;56.8;56.5;56.7;30.2;30.18;-0.11;0.0;0.0
IBLUMENA15;America/Sao_Paulo;2020-07-03T13:44:59Z;2020-07-03 10:44:59;1593783899;-26.80653;-49.092304;282.8;2.0;190;63.0;61.0;62.4;-1;57.2;56.5;5.6;0.9;2.6;5.8;1.1;3.3;44.4;43.7;44.0;57.2;56.5;56.6;57.2;56.5;56.6;30.19;30.19;0.04;0.0;0.0
IBLUMENA15;America/Sao_Paulo;2020-07-03T13:49:47Z;2020-07-03 10:49:47;1593784187;-26.80653;-49.092304;68.9;0.0;194;64.0;61.0;62.6;-1;57.2;57.0;4.5;0.7;2.7;5.8;1.1;3.5;45.0;43.9;44.4;57.2;57.0;57.1;57.2;57.0;57.1;30.19;30.19;-0.04;0.0;0.0
IBLUMENA15;America/Sao_Paulo;2020-07-03T13:54:51Z;2020-07-03 10:54:51;1593784491;-26.80653;-49.092304;136.6;1.0;172;63.0;61.0;61.9;-1;57.9;57.2;4.7;0.9;2.4;6.9;2.2;3.4;45.3;44.4;44.7;57.9;57.2;57.7;57.9;57.2;57.7;30.19;30.18;-0.08;0.0;0.0
IBLUMENA15;America/Sao_Paulo;2020-07-03T13:59:55Z;2020-07-03 10:59:55;1593784795;-26.80653;-49.092304;130.9;1.0;190;63.0;61.0;62.3;-1;57.7;56.8;6.5;2.0;3.6;8.1;2.2;5.0;44.8;44.2;44.4;57.7;56.8;57.2;57.7;56.8;57.2;30.19;30.18;0.15;0.0;0.0
IBLUMENA15;America/Sao_Paulo;2020-07-03T14:04:59Z;2020-07-03 11:04:59;1593785099;-26.80653;-49.092304;154.4;1.0;172;63.0;61.0;62.0;-1;57.9;57.2;4.9;1.6;3.3;6.9;2.2;4.4;45.1;44.4;44.8;57.9;57.2;57.7;57.9;57.2;57.7;30.19;30.19;-0.08;0.0;0.0
IBLUMENA15;America/Sao_Paulo;2020-07-03T14:09:47Z;2020-07-03 11:09:47;1593785387;-26.80653;-49.092304;121.0;1.0;198;63.0;61.0;62.0;-1;57.4;57.2;6.0;1.1;3.4;6.9;1.1;4.1;45.0;43.9;44.4;57.4;57.2;57.3;57.4;57.2;57.3;30.19;30.19;0.0;0.0;0.0
IBLUMENA15;America/Sao_Paulo;2020-07-03T14:14:51Z;2020-07-03 11:14:51;1593785691;-26.80653;-49.092304;280.6;2.0;176;62.0;61.0;61.5;-1;57.9;57.4;5.8;0.7;3.3;6.9;1.1;4.5;45.0;44.1;44.6;57.9;57.4;57.7;57.9;57.4;57.7;30.19;30.18;0.0;0.0;0.0
IBLUMENA15;America/Sao_Paulo;2020-07-03T14:19:55Z;2020-07-03 11:19:55;1593785995;-26.80653;-49.092304;399.9;3.0;191;62.0;59.0;60.8;-1;58.8;57.6;3.4;0.2;1.6;4.5;1.1;2.4;45.3;44.2;44.6;58.8;57.6;58.1;58.8;57.6;58.1;30.19;30.18;-0.14;0.0;0.0
IBLUMENA15;America/Sao_Paulo;2020-07-03T14:24:59Z;2020-07-03 11:24:59;1593786299;-26.80653;-49.092304;402.1;3.0;222;61.0;58.0;59.5;-1;58.8;58.5;5.6;0.9;3.1;8.1;1.1;3.9;45.1;43.9;44.6;58.8;58.5;58.6;58.8;58.5;58.6;30.18;30.18;0.1;0.0;0.0
IBLUMENA15;America/Sao_Paulo;2020-07-03T14:29:47Z;2020-07-03 11:29:47;1593786587;-26.80653;-49.092304;423.8;4.0;180;60.0;58.0;58.6;-1;59.2;58.6;3.8;0.9;1.9;4.5;1.1;2.5;44.8;43.9;44.3;59.2;58.6;58.8;59.2;58.6;58.8;30.18;30.18;-0.08;0.0;0.0
IBLUMENA15;America/Sao_Paulo;2020-07-03T14:34:51Z;2020-07-03 11:34:51;1593786891;-26.80653;-49.092304;426.0;4.0;174;59.0;58.0;58.7;-1;59.2;58.8;4.9;0.9;2.0;5.8;1.1;2.7;45.0;44.1;44.6;59.2;58.8;59.0;59.2;58.8;59.0;30.18;30.17;-0.03;0.0;0.0
IBLUMENA15;America/Sao_Paulo;2020-07-03T14:44:59Z;2020-07-03 11:44:59;1593787499;-26.80653;-49.092304;417.3;4.0;153;60.0;57.0;58.2;-1;59.4;58.6;5.1;0.9;2.8;6.9;1.1;3.7;44.8;43.9;44.2;59.4;58.6;58.9;59.4;58.6;58.9;30.17;30.16;-0.04;0.0;0.0
IBLUMENA15;America/Sao_Paulo;2020-07-03T14:49:47Z;2020-07-03 11:49:47;1593787787;-26.80653;-49.092304;442.5;4.0;186;59.0;56.0;57.4;-1;59.9;59.4;5.8;1.3;3.6;6.9;2.2;4.9;45.1;44.1;44.5;59.9;59.4;59.6;59.9;59.4;59.6;30.17;30.16;0.04;0.0;0.0
IBLUMENA15;America/Sao_Paulo;2020-07-03T14:54:51Z;2020-07-03 11:54:51;1593788091;-26.80653;-49.092304;444.6;4.0;189;57.0;56.0;56.9;-1;59.9;59.4;5.4;0.9;3.0;6.9;1.1;4.3;44.6;44.1;44.3;59.9;59.4;59.7;59.9;59.4;59.7;30.17;30.16;-0.04;0.0;0.0
IBLUMENA15;America/Sao_Paulo;2020-07-03T14:59:55Z;2020-07-03 11:59:55;1593788395;-26.80653;-49.092304;434.7;4.0;152;59.0;57.0;57.8;-1;59.9;59.4;6.0;0.9;3.6;6.9;1.1;4.4;45.3;44.2;44.7;59.9;59.4;59.6;59.9;59.4;59.6;30.16;30.15;-0.08;0.0;0.0
IBLUMENA15;America/Sao_Paulo;2020-07-03T15:04:59Z;2020-07-03 12:04:59;1593788699;-26.80653;-49.092304;425.1;4.0;194;58.0;57.0;57.4;-1;60.1;59.4;5.1;0.0;2.2;5.8;0.0;2.9;45.3;44.2;44.6;60.1;59.4;59.7;60.1;59.4;59.7;30.16;30.15;-0.08;0.0;0.0
IBLUMENA15;America/Sao_Paulo;2020-07-03T15:09:47Z;2020-07-03 12:09:47;1593788987;-26.80653;-49.092304;470.1;4.0;167;59.0;57.0;57.7;-1;60.4;60.3;5.1;0.9;3.2;5.8;1.1;3.9;45.9;45.0;45.4;60.4;60.3;60.3;60.4;60.3;60.3;30.15;30.14;-0.16;0.0;0.0
IBLUMENA15;America/Sao_Paulo;2020-07-03T15:14:51Z;2020-07-03 12:14:51;1593789291;-26.80653;-49.092304;474.0;4.0;174;59.0;57.0;57.9;-1;60.3;59.7;4.9;0.7;3.0;6.9;1.1;3.9;45.5;44.6;45.1;60.3;59.7;59.9;60.3;59.7;59.9;30.15;30.14;0.04;0.0;0.0
IBLUMENA15;America/Sao_Paulo;2020-07-03T15:19:55Z;2020-07-03 12:19:55;1593789595;-26.80653;-49.092304;472.8;4.0;162;58.0;57.0;57.8;-1;60.6;60.1;4.0;0.9;2.4;5.8;1.1;3.5;45.7;44.8;45.4;60.6;60.1;60.3;60.6;60.1;60.3;30.15;30.14;0.0;0.0;0.0
IBLUMENA15;America/Sao_Paulo;2020-07-03T15:24:59Z;2020-07-03 12:24:59;1593789899;-26.80653;-49.092304;468.1;4.0;164;58.0;56.0;56.9;-1;61.2;60.6;4.5;1.3;3.0;5.8;2.2;4.1;46.2;45.1;45.7;61.2;60.6;61.1;61.2;60.6;61.1;30.15;30.14;-0.04;0.0;0.0
IBLUMENA15;America/Sao_Paulo;2020-07-03T15:29:47Z;2020-07-03 12:29:47;1593790187;-26.80653;-49.092304;445.1;4.0;169;59.0;57.0;57.2;-1;61.3;60.6;5.6;0.4;2.7;8.1;1.1;3.8;46.4;45.3;45.6;61.3;60.6;60.9;61.3;60.6;60.9;30.14;30.14;0.04;0.0;0.0
IBLUMENA15;America/Sao_Paulo;2020-07-03T15:34:51Z;2020-07-03 12:34:51;1593790491;-26.80653;-49.092304;439.8;4.0;175;58.0;56.0;57.2;-1;61.3;61.0;4.5;0.2;2.9;6.9;1.1;4.0;46.4;45.3;45.9;61.3;61.0;61.1;61.3;61.0;61.1;30.15;30.14;0.0;0.0;0.0
IBLUMENA15;America/Sao_Paulo;2020-07-03T15:39:55Z;2020-07-03 12:39:55;1593790795;-26.80653;-49.092304;432.5;4.0;191;58.0;56.0;57.1;-1;61.7;61.2;4.5;0.7;2.4;6.9;1.1;3.6;46.4;45.3;46.1;61.7;61.2;61.5;61.7;61.2;61.5;30.14;30.13;-0.11;0.0;0.0
IBLUMENA15;America/Sao_Paulo;2020-07-03T15:44:59Z;2020-07-03 12:44:59;1593791099;-26.80653;-49.092304;434.7;4.0;156;58.0;56.0;56.9;-1;61.7;61.5;6.5;1.3;3.4;6.9;2.2;4.5;46.8;45.9;46.3;61.7;61.5;61.7;61.7;61.5;61.7;30.13;30.12;-0.08;0.0;0.0
IBLUMENA15;America/Sao_Paulo;2020-07-03T15:49:47Z;2020-07-03 12:49:47;1593791387;-26.80653;-49.092304;435.0;4.0;153;58.0;56.0;57.1;-1;61.7;61.0;6.0;1.6;3.6;6.9;2.2;5.0;46.4;45.1;45.8;61.7;61.0;61.1;61.7;61.0;61.1;30.13;30.12;-0.12;0.0;0.0
IBLUMENA15;America/Sao_Paulo;2020-07-03T15:54:51Z;2020-07-03 12:54:51;1593791691;-26.80653;-49.092304;447.6;4.0;153;57.0;55.0;56.5;-1;61.9;61.3;5.6;1.8;3.4;8.1;2.2;4.8;46.6;45.5;46.1;61.9;61.3;61.6;61.9;61.3;61.6;30.12;30.11;-0.06;0.0;0.0
IBLUMENA15;America/Sao_Paulo;2020-07-03T15:59:55Z;2020-07-03 12:59:55;1593791995;-26.80653;-49.092304;442.5;4.0;159;58.0;56.0;57.0;-1;61.7;61.3;6.0;2.0;3.6;8.1;2.2;5.0;46.4;45.7;46.1;61.7;61.3;61.5;61.7;61.3;61.5;30.12;30.11;0.0;0.0;0.0
IBLUMENA15;America/Sao_Paulo;2020-07-03T16:04:59Z;2020-07-03 13:04:59;1593792299;-26.80653;-49.092304;475.4;4.0;221;57.0;55.0;56.1;-1;62.2;61.5;5.6;1.1;3.2;6.9;1.1;4.3;46.8;45.7;46.1;62.2;61.5;61.9;62.2;61.5;61.9;30.11;30.11;-0.04;0.0;0.0
IBLUMENA15;America/Sao_Paulo;2020-07-03T16:09:47Z;2020-07-03 13:09:47;1593792587;-26.80653;-49.092304;507.9;4.0;179;56.0;53.0;54.1;-1;63.3;61.5;1.8;0.0;0.5;2.2;0.0;1.0;46.4;45.0;45.7;63.3;61.5;62.4;63.3;61.5;62.4;30.11;30.11;-0.04;0.0;0.0
IBLUMENA15;America/Sao_Paulo;2020-07-03T16:14:51Z;2020-07-03 13:14:51;1593792891;-26.80653;-49.092304;506.6;4.0;221;56.0;53.0;54.4;-1;63.5;62.2;6.9;1.3;3.3;6.9;2.2;4.4;46.9;45.3;46.2;63.5;62.2;62.9;63.5;62.2;62.9;30.11;30.11;0.0;0.0;0.0
IBLUMENA15;America/Sao_Paulo;2020-07-03T16:19:55Z;2020-07-03 13:19:55;1593793195;-26.80653;-49.092304;484.5;4.0;169;56.0;53.0;54.9;-1;62.8;62.2;4.0;1.1;2.1;4.5;1.1;2.7;46.4;45.3;46.0;62.8;62.2;62.4;62.8;62.2;62.4;30.12;30.1;0.04;0.0;0.0
IBLUMENA15;America/Sao_Paulo;2020-07-03T16:24:59Z;2020-07-03 13:24:59;1593793499;-26.80653;-49.092304;451.5;4.0;238;55.0;53.0;54.1;-1;63.0;62.8;3.6;0.0;1.2;4.5;0.0;1.5;46.6;45.5;46.1;63.0;62.8;62.9;63.0;62.8;62.9;30.12;30.11;0.0;0.0;0.0
IBLUMENA15;America/Sao_Paulo;2020-07-03T16:29:47Z;2020-07-03 13:29:47;1593793787;-26.80653;-49.092304;449.0;4.0;150;56.0;53.0;54.3;-1;63.3;63.0;3.8;0.9;2.1;4.5;1.1;2.8;47.1;46.0;46.3;63.3;63.0;63.1;63.3;63.0;63.1;30.12;30.11;-0.04;0.0;0.0
IBLUMENA15;America/Sao_Paulo;2020-07-03T16:34:51Z;2020-07-03 13:34:51;1593794091;-26.80653;-49.092304;431.6;4.0;151;55.0;53.0;54.0;-1;63.9;63.0;5.6;0.7;2.2;6.9;1.1;2.8;46.9;45.9;46.3;63.9;63.0;63.2;63.9;63.0;63.2;30.11;30.1;0.0;0.0;0.0
IBLUMENA15;America/Sao_Paulo;2020-07-03T16:39:55Z;2020-07-03 13:39:55;1593794395;-26.80653;-49.092304;415.6;4.0;143;55.0;53.0;54.3;-1;63.9;62.6;4.9;0.9;3.0;6.9;1.1;3.9;47.5;45.7;46.5;63.9;62.6;63.3;63.9;62.6;63.3;30.11;30.1;0.04;0.0;0.0
IBLUMENA15;America/Sao_Paulo;2020-07-03T16:44:59Z;2020-07-03 13:44:59;1593794699;-26.80653;-49.092304;430.7;4.0;136;55.0;54.0;54.5;-1;63.5;62.4;3.1;0.7;1.8;4.5;1.1;2.4;46.9;45.5;46.2;63.5;62.4;62.8;63.5;62.4;62.8;30.11;30.1;-0.08;0.0;0.0
IBLUMENA15;America/Sao_Paulo;2020-07-03T16:49:47Z;2020-07-03 13:49:47;1593794987;-26.80653;-49.092304;429.4;4.0;144;54.0;51.0;52.6;-1;64.9;63.5;1.8;0.2;1.1;2.2;1.1;1.7;47.1;45.7;46.6;64.9;63.5;64.3;64.9;63.5;64.3;30.11;30.1;-0.08;0.0;0.0
IBLUMENA15;America/Sao_Paulo;2020-07-03T16:54:51Z;2020-07-03 13:54:51;1593795291;-26.80653;-49.092304;397.7;3.0;180;53.0;51.0;52.0;-1;64.9;64.8;5.8;0.9;2.4;6.9;1.1;3.2;47.5;46.4;46.9;64.9;64.8;64.9;64.9;64.8;64.9;30.1;30.09;-0.04;0.0;0.0
IBLUMENA15;America/Sao_Paulo;2020-07-03T16:59:55Z;2020-07-03 13:59:55;1593795595;-26.80653;-49.092304;387.0;3.0;172;53.0;51.0;52.4;-1;64.8;63.7;4.5;0.2;2.5;5.8;1.1;3.3;46.9;46.2;46.6;64.8;63.7;64.4;64.8;63.7;64.4;30.1;30.09;0.04;0.0;0.0
IBLUMENA15;America/Sao_Paulo;2020-07-03T17:04:59Z;2020-07-03 14:04:59;1593795899;-26.80653;-49.092304;404.2;3.0;165;54.0;52.0;52.2;-1;64.0;63.7;2.9;0.0;1.8;3.4;0.0;2.4;46.8;45.7;46.0;64.0;63.7;63.9;64.0;63.7;63.9;30.1;30.1;0.04;0.0;0.0
IBLUMENA15;America/Sao_Paulo;2020-07-03T17:09:47Z;2020-07-03 14:09:47;1593796187;-26.80653;-49.092304;403.3;3.0;135;54.0;52.0;52.7;-1;64.0;63.3;4.5;0.7;2.6;5.8;1.1;3.3;46.6;45.5;46.1;64.0;63.3;63.7;64.0;63.3;63.7;30.1;30.1;-0.04;0.0;0.0
IBLUMENA15;America/Sao_Paulo;2020-07-03T17:14:51Z;2020-07-03 14:14:51;1593796491;-26.80653;-49.092304;383.9;3.0;106;53.0;50.0;51.3;-1;64.8;63.3;4.9;0.0;1.3;5.8;0.0;1.8;46.8;45.3;45.9;64.8;63.3;64.3;64.8;63.3;64.3;30.1;30.09;-0.04;0.0;0.0
IBLUMENA15;America/Sao_Paulo;2020-07-03T17:19:55Z;2020-07-03 14:19:55;1593796795;-26.80653;-49.092304;364.8;3.0;136;53.0;50.0;51.1;-1;65.3;64.4;3.4;0.0;1.6;4.5;0.0;2.1;46.9;45.3;46.2;65.3;64.4;64.7;65.3;64.4;64.7;30.1;30.09;0.08;0.0;0.0
IBLUMENA15;America/Sao_Paulo;2020-07-03T17:24:59Z;2020-07-03 14:24:59;1593797099;-26.80653;-49.092304;399.1;3.0;166;53.0;48.0;50.1;-1;66.4;65.3;1.8;0.0;0.7;2.2;0.0;1.1;47.8;46.0;46.8;66.4;65.3;65.8;66.4;65.3;65.8;30.1;30.09;-0.11;0.0;0.0
IBLUMENA15;America/Sao_Paulo;2020-07-03T17:29:47Z;2020-07-03 14:29:47;1593797387;-26.80653;-49.092304;398.2;3.0;153;51.0;49.0;50.6;-1;66.4;64.4;2.9;0.0;1.4;3.4;0.0;1.8;47.7;45.9;46.5;66.4;64.4;65.3;66.4;64.4;65.3;30.1;30.09;0.0;0.0;0.0
IBLUMENA15;America/Sao_Paulo;2020-07-03T17:34:51Z;2020-07-03 14:34:51;1593797691;-26.80653;-49.092304;374.7;3.0;145;52.0;49.0;50.8;-1;65.8;64.4;2.9;0.0;1.1;3.4;0.0;1.6;47.3;45.5;46.6;65.8;64.4;65.3;65.8;64.4;65.3;30.1;30.09;-0.04;0.0;0.0
IBLUMENA15;America/Sao_Paulo;2020-07-03T17:39:55Z;2020-07-03 14:39:55;1593797995;-26.80653;-49.092304;349.6;3.0;141;52.0;51.0;51.3;-1;65.3;64.6;3.6;0.0;1.8;4.5;0.0;2.3;46.8;46.0;46.4;65.3;64.6;64.8;65.3;64.6;64.8;30.09;30.09;0.04;0.0;0.0
IBLUMENA15;America/Sao_Paulo;2020-07-03T17:44:59Z;2020-07-03 14:44:59;1593798299;-26.80653;-49.092304;349.6;3.0;151;53.0;51.0;51.4;-1;64.8;64.4;3.8;1.1;2.1;4.5;1.1;2.8;47.1;45.9;46.3;64.8;64.4;64.7;64.8;64.4;64.7;30.09;30.09;-0.04;0.0;0.0
IBLUMENA15;America/Sao_Paulo;2020-07-03T17:49:47Z;2020-07-03 14:49:47;1593798587;-26.80653;-49.092304;343.5;3.0;165;52.0;50.0;51.2;-1;64.8;64.4;3.8;0.7;2.4;4.5;1.1;3.1;46.6;45.5;46.1;64.8;64.4;64.6;64.8;64.4;64.6;30.09;30.09;-0.04;0.0;0.0
IBLUMENA15;America/Sao_Paulo;2020-07-03T17:54:51Z;2020-07-03 14:54:51;1593798891;-26.80653;-49.092304;311.0;3.0;181;52.0;50.0;50.8;-1;65.1;64.8;2.5;0.2;1.5;3.4;1.1;2.0;46.9;46.0;46.3;65.1;64.8;65.0;65.1;64.8;65.0;30.09;30.08;0.0;0.0;0.0
IBLUMENA15;America/Sao_Paulo;2020-07-03T17:59:55Z;2020-07-03 14:59:55;1593799195;-26.80653;-49.092304;297.5;2.0;170;52.0;51.0;51.5;-1;64.9;64.8;4.0;1.1;2.6;5.8;1.1;3.3;46.9;46.2;46.6;64.9;64.8;64.9;64.9;64.8;64.9;30.09;30.08;-0.04;0.0;0.0
IBLUMENA15;America/Sao_Paulo;2020-07-03T18:04:59Z;2020-07-03 15:04:59;1593799499;-26.80653;-49.092304;291.4;2.0;152;52.0;51.0;51.7;-1;64.8;64.4;4.5;0.4;2.4;5.8;1.1;3.2;46.8;45.9;46.4;64.8;64.4;64.6;64.8;64.4;64.6;30.08;30.07;-0.08;0.0;0.0
IBLUMENA15;America/Sao_Paulo;2020-07-03T18:09:47Z;2020-07-03 15:09:47;1593799787;-26.80653;-49.092304;269.4;2.0;156;52.0;51.0;51.4;-1;64.4;64.4;2.9;0.2;1.7;3.4;1.1;2.3;46.4;45.9;46.1;64.4;64.4;64.4;64.4;64.4;64.4;30.08;30.07;-0.08;0.0;0.0
IBLUMENA15;America/Sao_Paulo;2020-07-03T18:14:51Z;2020-07-03 15:14:51;1593800091;-26.80653;-49.092304;258.5;2.0;187;52.0;51.0;51.3;-1;64.6;64.6;3.6;1.1;2.4;4.5;1.1;3.1;46.6;46.0;46.2;64.6;64.6;64.6;64.6;64.6;64.6;30.08;30.07;0.08;0.0;0.0
IBLUMENA15;America/Sao_Paulo;2020-07-03T18:19:55Z;2020-07-03 15:19:55;1593800395;-26.80653;-49.092304;254.6;2.0;167;51.0;50.0;50.3;-1;65.1;64.4;1.8;0.0;1.0;2.2;0.0;1.4;46.0;45.5;45.9;65.1;64.4;64.9;65.1;64.4;64.9;30.08;30.07;0.0;0.0;0.0
IBLUMENA15;America/Sao_Paulo;2020-07-03T18:24:59Z;2020-07-03 15:24:59;1593800699;-26.80653;-49.092304;247.2;2.0;180;51.0;49.0;49.9;-1;65.3;64.9;3.4;0.2;1.7;4.5;1.1;2.2;46.4;45.5;46.0;65.3;64.9;65.1;65.3;64.9;65.1;30.08;30.07;-0.08;0.0;0.0
IBLUMENA15;America/Sao_Paulo;2020-07-03T18:29:47Z;2020-07-03 15:29:47;1593800987;-26.80653;-49.092304;222.0;2.0;166;51.0;50.0;51.0;-1;64.9;64.8;2.7;0.0;1.3;3.4;0.0;1.8;46.4;45.9;46.4;64.9;64.8;64.9;64.9;64.8;64.9;30.07;30.06;0.0;0.0;0.0
IBLUMENA15;America/Sao_Paulo;2020-07-03T18:34:51Z;2020-07-03 15:34:51;1593801291;-26.80653;-49.092304;222.5;2.0;185;51.0;49.0;49.9;-1;65.3;65.1;2.2;0.2;1.4;3.4;1.1;2.0;46.8;45.5;46.1;65.3;65.1;65.3;65.3;65.1;65.3;30.07;30.07;-0.04;0.0;0.0
IBLUMENA15;America/Sao_Paulo;2020-07-03T18:39:55Z;2020-07-03 15:39:55;1593801595;-26.80653;-49.092304;214.2;2.0;182;50.0;50.0;50.0;-1;65.3;65.1;3.4;0.0;1.2;3.4;0.0;1.7;46.2;46.0;46.0;65.3;65.1;65.1;65.3;65.1;65.1;30.08;30.07;0.08;0.0;0.0
IBLUMENA15;America/Sao_Paulo;2020-07-03T18:44:59Z;2020-07-03 15:44:59;1593801899;-26.80653;-49.092304;199.9;1.0;176;50.0;48.0;49.0;-1;66.2;65.1;2.9;0.0;1.1;3.4;0.0;1.4;46.6;45.5;46.2;66.2;65.1;65.8;66.2;65.1;65.8;30.07;30.07;0.0;0.0;0.0
IBLUMENA15;America/Sao_Paulo;2020-07-03T18:49:47Z;2020-07-03 15:49:47;1593802187;-26.80653;-49.092304;180.8;1.0;164;50.0;48.0;49.5;-1;65.8;64.9;2.2;0.0;0.9;3.4;0.0;1.3;46.8;45.0;45.8;65.8;64.9;65.2;65.8;64.9;65.2;30.07;30.07;-0.08;0.0;0.0
IBLUMENA15;America/Sao_Paulo;2020-07-03T18:54:51Z;2020-07-03 15:54:51;1593802491;-26.80653;-49.092304;180.4;1.0;160;53.0;48.0;49.8;-1;66.2;65.1;2.2;0.0;0.5;2.2;0.0;0.8;48.2;45.5;46.7;66.2;65.1;65.9;66.2;65.1;65.9;30.07;30.07;-0.04;0.0;0.0
IBLUMENA15;America/Sao_Paulo;2020-07-03T18:59:55Z;2020-07-03 15:59:55;1593802795;-26.80653;-49.092304;160.5;1.0;174;49.0;48.0;48.8;-1;66.4;65.7;2.2;0.0;1.0;2.2;0.0;1.2;46.8;45.9;46.4;66.4;65.7;66.2;66.4;65.7;66.2;30.07;30.07;0.04;0.0;0.0
IBLUMENA15;America/Sao_Paulo;2020-07-03T19:04:59Z;2020-07-03 16:04:59;1593803099;-26.80653;-49.092304;142.6;1.0;165;50.0;48.0;49.2;-1;66.6;65.3;0.4;0.0;0.0;1.1;0.0;0.1;47.3;45.1;46.1;66.6;65.3;65.7;66.6;65.3;65.7;30.07;30.07;0.0;0.0;0.0
IBLUMENA15;America/Sao_Paulo;2020-07-03T19:09:47Z;2020-07-03 16:09:47;1593803387;-26.80653;-49.092304;140.9;1.0;176;52.0;49.0;50.6;-1;66.9;65.7;2.2;0.0;0.9;2.2;0.0;1.2;48.7;46.0;47.6;66.9;65.7;66.5;66.9;65.7;66.5;30.07;30.07;0.08;0.0;0.0
IBLUMENA15;America/Sao_Paulo;2020-07-03T19:14:51Z;2020-07-03 16:14:51;1593803691;-26.80653;-49.092304;129.2;1.0;175;51.0;49.0;49.3;-1;65.7;65.1;1.3;0.2;1.0;2.2;1.1;1.2;46.6;45.5;45.8;65.7;65.1;65.2;65.7;65.1;65.2;30.07;30.07;0.0;0.0;0.0
IBLUMENA15;America/Sao_Paulo;2020-07-03T19:19:55Z;2020-07-03 16:19:55;1593803995;-26.80653;-49.092304;124.9;1.0;179;54.0;50.0;52.7;-1;65.3;64.9;1.8;0.0;0.8;2.2;0.0;1.1;48.2;46.0;47.5;65.3;64.9;65.2;65.3;64.9;65.2;30.08;30.07;0.0;0.0;0.0
IBLUMENA15;America/Sao_Paulo;2020-07-03T19:24:59Z;2020-07-03 16:24:59;1593804299;-26.80653;-49.092304;120.1;1.0;182;57.0;54.0;55.6;-1;64.9;64.0;2.0;0.2;0.9;2.2;1.1;1.2;48.9;47.8;48.4;64.9;64.0;64.7;64.9;64.0;64.7;30.08;30.07;0.04;0.0;0.0
IBLUMENA15;America/Sao_Paulo;2020-07-03T19:29:47Z;2020-07-03 16:29:47;1593804587;-26.80653;-49.092304;95.4;0.0;182;60.0;57.0;58.7;-1;63.9;62.4;1.3;0.7;1.0;2.2;1.1;1.3;49.1;47.7;48.4;63.9;62.4;63.1;63.9;62.4;63.1;30.08;30.07;0.0;0.0;0.0
IBLUMENA15;America/Sao_Paulo;2020-07-03T19:34:51Z;2020-07-03 16:34:51;1593804891;-26.80653;-49.092304;32.9;0.0;179;62.0;59.0;60.7;-1;62.2;61.3;1.8;0.2;0.8;3.4;1.1;1.2;48.4;47.8;48.1;62.2;61.3;61.8;62.2;61.3;61.8;30.08;30.07;-0.04;0.0;0.0
IBLUMENA15;America/Sao_Paulo;2020-07-03T19:39:55Z;2020-07-03 16:39:55;1593805195;-26.80653;-49.092304;30.7;0.0;180;63.0;61.0;61.9;-1;61.3;60.8;1.1;0.2;0.8;1.1;1.1;1.1;48.4;47.5;47.8;61.3;60.8;61.0;61.3;60.8;61.0;30.08;30.07;-0.08;0.0;0.0
IBLUMENA15;America/Sao_Paulo;2020-07-03T19:44:59Z;2020-07-03 16:44:59;1593805499;-26.80653;-49.092304;29.0;0.0;180;63.0;62.0;62.7;-1;61.2;60.8;1.3;0.0;0.9;2.2;0.0;1.2;48.6;47.7;48.3;61.2;60.8;61.0;61.2;60.8;61.0;30.08;30.07;0.11;0.0;0.0
IBLUMENA15;America/Sao_Paulo;2020-07-03T19:49:47Z;2020-07-03 16:49:47;1593805787;-26.80653;-49.092304;26.8;0.0;197;64.0;63.0;63.6;-1;61.3;61.0;2.5;0.7;1.8;3.4;1.1;2.2;49.1;48.4;48.8;61.3;61.0;61.2;61.3;61.0;61.2;30.08;30.07;-0.04;0.0;0.0
IBLUMENA15;America/Sao_Paulo;2020-07-03T19:54:51Z;2020-07-03 16:54:51;1593806091;-26.80653;-49.092304;25.1;0.0;202;65.0;63.0;64.1;-1;61.0;60.4;3.8;1.1;1.9;4.5;1.1;2.4;48.7;48.4;48.6;61.0;60.4;60.8;61.0;60.4;60.8;30.08;30.07;0.11;0.0;0.0
IBLUMENA15;America/Sao_Paulo;2020-07-03T19:59:55Z;2020-07-03 16:59:55;1593806395;-26.80653;-49.092304;22.5;0.0;210;68.0;65.0;66.8;-1;60.4;59.4;3.4;0.9;2.6;4.5;2.2;3.4;49.1;48.6;48.9;60.4;59.4;59.9;60.4;59.4;59.9;30.09;30.08;0.04;0.0;0.0
IBLUMENA15;America/Sao_Paulo;2020-07-03T20:04:59Z;2020-07-03 17:04:59;1593806699;-26.80653;-49.092304;20.3;0.0;170;68.0;67.0;67.8;-1;59.4;59.0;2.2;0.0;0.8;3.4;0.0;1.2;48.7;48.2;48.5;59.4;59.0;59.2;59.4;59.0;59.2;30.09;30.08;-0.04;0.0;0.0
IBLUMENA15;America/Sao_Paulo;2020-07-03T20:09:47Z;2020-07-03 17:09:47;1593806987;-26.80653;-49.092304;17.7;0.0;168;70.0;68.0;68.8;-1;59.0;58.6;0.9;0.0;0.6;1.1;0.0;1.0;48.9;48.4;48.6;59.0;58.6;58.9;59.0;58.6;58.9;30.09;30.08;0.04;0.0;0.0
IBLUMENA15;America/Sao_Paulo;2020-07-03T20:14:51Z;2020-07-03 17:14:51;1593807291;-26.80653;-49.092304;16.0;0.0;166;72.0;70.0;71.2;-1;58.6;58.1;0.9;0.0;0.4;1.1;0.0;0.7;49.3;48.7;49.0;58.6;58.1;58.4;58.6;58.1;58.4;30.09;30.08;0.08;0.0;0.0
IBLUMENA15;America/Sao_Paulo;2020-07-03T20:19:55Z;2020-07-03 17:19:55;1593807595;-26.80653;-49.092304;13.3;0.0;129;79.0;72.0;74.7;-1;58.1;57.6;1.1;0.0;0.3;1.1;0.0;0.3;51.1;49.1;49.8;58.1;57.6;57.8;58.1;57.6;57.8;30.09;30.08;-0.11;0.0;0.0
IBLUMENA15;America/Sao_Paulo;2020-07-03T20:24:59Z;2020-07-03 17:24:59;1593807899;-26.80653;-49.092304;10.4;0.0;127;82.0;79.0;80.8;-1;57.6;56.5;1.1;0.0;0.6;1.1;0.0;0.8;51.4;50.9;51.1;57.6;56.5;56.9;57.6;56.5;56.9;30.09;30.08;0.08;0.0;0.0
IBLUMENA15;America/Sao_Paulo;2020-07-03T20:29:47Z;2020-07-03 17:29:47;1593808187;-26.80653;-49.092304;7.7;0.0;133;84.0;82.0;82.6;-1;56.5;55.9;1.1;0.0;0.1;1.1;0.0;0.2;51.1;50.7;51.0;56.5;55.9;56.2;56.5;55.9;56.2;30.1;30.09;0.08;0.0;0.0
IBLUMENA15;America/Sao_Paulo;2020-07-03T20:34:51Z;2020-07-03 17:34:51;1593808491;-26.80653;-49.092304;4.3;0.0;117;85.0;84.0;84.6;-1;55.8;55.0;2.5;0.4;1.2;3.4;1.1;1.6;51.3;50.4;50.8;55.8;55.0;55.4;55.8;55.0;55.4;30.1;30.1;0.11;0.0;0.0
IBLUMENA15;America/Sao_Paulo;2020-07-03T20:39:55Z;2020-07-03 17:39:55;1593808795;-26.80653;-49.092304;2.6;0.0;133;83.0;82.0;82.3;-1;55.6;55.0;1.8;0.0;0.6;2.2;0.0;0.9;50.2;49.6;50.0;55.6;55.0;55.2;55.6;55.0;55.2;30.11;30.1;0.0;0.0;0.0
IBLUMENA15;America/Sao_Paulo;2020-07-03T20:44:59Z;2020-07-03 17:44:59;1593809099;-26.80653;-49.092304;1.2;0.0;157;83.0;82.0;83.0;-1;55.6;55.2;0.4;0.0;0.0;1.1;0.0;0.1;50.5;50.2;50.3;55.6;55.2;55.3;55.6;55.2;55.3;30.11;30.1;0.08;0.0;0.0
IBLUMENA15;America/Sao_Paulo;2020-07-03T20:49:47Z;2020-07-03 17:49:47;1593809387;-26.80653;-49.092304;0.4;0.0;176;83.0;82.0;82.6;-1;55.4;55.2;1.6;0.0;0.7;2.2;0.0;1.1;50.4;49.8;50.2;55.4;55.2;55.3;55.4;55.2;55.3;30.11;30.1;-0.08;0.0;0.0
IBLUMENA15;America/Sao_Paulo;2020-07-03T20:54:51Z;2020-07-03 17:54:51;1593809691;-26.80653;-49.092304;0.0;0.0;149;84.0;83.0;83.6;-1;55.4;54.9;1.8;0.0;0.5;2.2;0.0;0.8;50.7;50.0;50.3;55.4;54.9;55.1;55.4;54.9;55.1;30.11;30.1;0.0;0.0;0.0
IBLUMENA15;America/Sao_Paulo;2020-07-03T20:59:55Z;2020-07-03 17:59:55;1593809995;-26.80653;-49.092304;0.0;0.0;161;84.0;83.0;83.8;-1;54.9;54.7;0.9;0.0;0.4;2.2;0.0;0.7;50.2;49.6;50.0;54.9;54.7;54.8;54.9;54.7;54.8;30.11;30.1;0.04;0.0;0.0
IBLUMENA15;America/Sao_Paulo;2020-07-03T21:04:59Z;2020-07-03 18:04:59;1593810299;-26.80653;-49.092304;0.0;0.0;148;85.0;84.0;84.2;-1;54.7;54.5;1.3;0.0;0.3;2.2;0.0;0.7;50.0;49.8;50.0;54.7;54.5;54.7;54.7;54.5;54.7;30.11;30.1;0.0;0.0;0.0
IBLUMENA15;America/Sao_Paulo;2020-07-03T21:09:47Z;2020-07-03 18:09:47;1593810587;-26.80653;-49.092304;0.0;0.0;135;87.0;85.0;85.8;-1;54.5;54.3;0.9;0.0;0.1;1.1;0.0;0.2;50.5;50.0;50.3;54.5;54.3;54.5;54.5;54.3;54.5;30.12;30.11;0.11;0.0;0.0
IBLUMENA15;America/Sao_Paulo;2020-07-03T21:14:51Z;2020-07-03 18:14:51;1593810891;-26.80653;-49.092304;0.0;0.0;128;89.0;87.0;87.9;-1;54.3;53.6;1.3;0.0;0.6;2.2;0.0;0.8;50.5;50.2;50.3;54.3;53.6;53.9;54.3;53.6;53.9;30.12;30.1;-0.06;0.0;0.0
IBLUMENA15;America/Sao_Paulo;2020-07-03T21:19:55Z;2020-07-03 18:19:55;1593811195;-26.80653;-49.092304;0.0;0.0;123;90.0;89.0;89.0;-1;53.6;53.1;2.2;0.0;0.4;2.2;0.0;0.6;50.4;49.8;50.1;53.6;53.1;53.3;53.6;53.1;53.3;30.12;30.11;0.1;0.0;0.0
IBLUMENA15;America/Sao_Paulo;2020-07-03T21:24:59Z;2020-07-03 18:24:59;1593811499;-26.80653;-49.092304;0.0;0.0;155;89.0;89.0;89.0;-1;53.1;53.1;0.2;0.0;0.0;1.1;0.0;0.0;49.8;49.8;49.8;53.1;53.1;53.1;53.1;53.1;53.1;30.12;30.11;0.0;0.0;0.0
IBLUMENA15;America/Sao_Paulo;2020-07-03T21:29:47Z;2020-07-03 18:29:47;1593811787;-26.80653;-49.092304;0.0;0.0;156;89.0;89.0;89.0;-1;53.1;52.9;0.4;0.0;0.1;1.1;0.0;0.2;49.8;49.6;49.6;53.1;52.9;52.9;53.1;52.9;52.9;30.12;30.12;0.0;0.0;0.0
IBLUMENA15;America/Sao_Paulo;2020-07-03T21:34:51Z;2020-07-03 18:34:51;1593812091;-26.80653;-49.092304;0.0;0.0;155;89.0;87.0;88.1;-1;52.9;52.9;0.0;0.0;0.0;0.0;0.0;0.0;49.6;49.1;49.3;52.9;52.9;52.9;52.9;52.9;52.9;30.12;30.12;0.04;0.0;0.0
IBLUMENA15;America/Sao_Paulo;2020-07-03T21:39:55Z;2020-07-03 18:39:55;1593812395;-26.80653;-49.092304;0.0;0.0;162;88.0;86.0;87.6;-1;53.1;52.7;1.1;0.0;0.5;1.1;0.0;0.9;49.5;48.7;49.3;53.1;52.7;52.9;53.1;52.7;52.9;30.13;30.12;0.15;0.0;0.0
IBLUMENA15;America/Sao_Paulo;2020-07-03T21:44:59Z;2020-07-03 18:44:59;1593812699;-26.80653;-49.092304;0.0;0.0;164;87.0;85.0;86.0;-1;53.1;52.7;0.4;0.0;0.1;1.1;0.0;0.4;49.3;48.7;49.0;53.1;52.7;53.0;53.1;52.7;53.0;30.13;30.12;-0.15;0.0;0.0
IBLUMENA15;America/Sao_Paulo;2020-07-03T21:49:47Z;2020-07-03 18:49:47;1593812987;-26.80653;-49.092304;0.0;0.0;150;87.0;85.0;86.1;-1;53.4;53.2;0.0;0.0;0.0;0.0;0.0;0.0;49.6;48.9;49.4;53.4;53.2;53.3;53.4;53.2;53.3;30.13;30.12;0.04;0.0;0.0
IBLUMENA15;America/Sao_Paulo;2020-07-03T21:54:51Z;2020-07-03 18:54:51;1593813291;-26.80653;-49.092304;0.0;0.0;144;89.0;87.0;88.1;-1;53.2;53.1;0.2;0.0;0.0;1.1;0.0;0.2;49.8;49.5;49.6;53.2;53.1;53.1;53.2;53.1;53.1;30.13;30.12;0.04;0.0;0.0
IBLUMENA15;America/Sao_Paulo;2020-07-03T21:59:55Z;2020-07-03 18:59:55;1593813595;-26.80653;-49.092304;0.0;0.0;145;89.0;89.0;89.0;-1;53.1;52.9;0.0;0.0;0.0;0.0;0.0;0.0;49.8;49.6;49.7;53.1;52.9;53.0;53.1;52.9;53.0;30.13;30.13;0.08;0.0;0.0
IBLUMENA15;America/Sao_Paulo;2020-07-03T22:04:59Z;2020-07-03 19:04:59;1593813899;-26.80653;-49.092304;0.0;0.0;146;90.0;89.0;89.4;-1;53.1;52.7;0.4;0.0;0.1;1.1;0.0;0.2;49.8;49.6;49.8;53.1;52.7;52.9;53.1;52.7;52.9;30.13;30.13;0.0;0.0;0.0
IBLUMENA15;America/Sao_Paulo;2020-07-03T22:09:47Z;2020-07-03 19:09:47;1593814187;-26.80653;-49.092304;0.0;0.0;156;90.0;89.0;89.9;-1;52.7;52.5;0.9;0.0;0.1;1.1;0.0;0.2;49.8;49.5;49.7;52.7;52.5;52.6;52.7;52.5;52.6;30.14;30.13;0.0;0.0;0.0
IBLUMENA15;America/Sao_Paulo;2020-07-03T22:14:51Z;2020-07-03 19:14:51;1593814491;-26.80653;-49.092304;0.0;0.0;155;90.0;90.0;90.0;-1;52.9;52.5;0.4;0.0;0.1;1.1;0.0;0.2;50.0;49.6;49.7;52.9;52.5;52.6;52.9;52.5;52.6;30.14;30.13;0.08;0.0;0.0
IBLUMENA15;America/Sao_Paulo;2020-07-03T22:19:55Z;2020-07-03 19:19:55;1593814795;-26.80653;-49.092304;0.0;0.0;155;90.0;90.0;90.0;-1;52.9;52.7;0.9;0.0;0.2;1.1;0.0;0.6;50.0;49.8;50.0;52.9;52.7;52.8;52.9;52.7;52.8;30.14;30.14;-0.04;0.0;0.0
IBLUMENA15;America/Sao_Paulo;2020-07-03T22:24:59Z;2020-07-03 19:24:59;1593815099;-26.80653;-49.092304;0.0;0.0;155;91.0;90.0;90.9;-1;52.7;52.3;1.1;0.0;0.2;1.1;0.0;0.3;50.0;49.6;49.9;52.7;52.3;52.5;52.7;52.3;52.5;30.15;30.14;0.08;0.0;0.0
IBLUMENA15;America/Sao_Paulo;2020-07-03T22:29:47Z;2020-07-03 19:29:47;1593815387;-26.80653;-49.092304;0.0;0.0;155;92.0;91.0;91.2;-1;52.3;52.2;0.0;0.0;0.0;0.0;0.0;0.0;50.0;49.6;49.7;52.3;52.2;52.2;52.3;52.2;52.2;30.15;30.14;0.16;0.0;0.0
IBLUMENA15;America/Sao_Paulo;2020-07-03T22:34:51Z;2020-07-03 19:34:51;1593815691;-26.80653;-49.092304;0.0;0.0;155;92.0;91.0;91.5;-1;52.5;52.2;0.4;0.0;0.1;1.1;0.0;0.3;50.0;49.6;49.9;52.5;52.2;52.3;52.5;52.2;52.3;30.15;30.14;-0.08;0.0;0.0
IBLUMENA15;America/Sao_Paulo;2020-07-03T22:39:55Z;2020-07-03 19:39:55;1593815995;-26.80653;-49.092304;0.0;0.0;156;91.0;91.0;91.0;-1;52.5;52.5;0.0;0.0;0.0;0.0;0.0;0.0;50.0;50.0;50.0;52.5;52.5;52.5;52.5;52.5;52.5;30.15;30.15;0.08;0.0;0.0
IBLUMENA15;America/Sao_Paulo;2020-07-03T22:44:43Z;2020-07-03 19:44:43;1593816283;-26.80653;-49.092304;0.0;0.0;158;91.0;91.0;91.0;-1;52.7;52.5;0.9;0.0;0.1;1.1;0.0;0.2;50.2;50.0;50.0;52.7;52.5;52.5;52.7;52.5;52.5;30.15;30.15;0.0;0.0;0.0
IBLUMENA15;America/Sao_Paulo;2020-07-03T22:49:47Z;2020-07-03 19:49:47;1593816587;-26.80653;-49.092304;0.0;0.0;167;91.0;90.0;90.4;-1;52.7;52.5;1.1;0.0;0.4;1.1;0.0;0.7;50.2;49.6;49.9;52.7;52.5;52.6;52.7;52.5;52.6;30.16;30.15;0.0;0.0;0.0
IBLUMENA15;America/Sao_Paulo;2020-07-03T22:54:51Z;2020-07-03 19:54:51;1593816891;-26.80653;-49.092304;0.0;0.0;167;90.0;89.0;89.6;-1;53.1;52.7;0.4;0.0;0.1;1.1;0.0;0.3;50.2;49.6;49.9;53.1;52.7;52.9;53.1;52.7;52.9;30.16;30.15;0.0;0.0;0.0
IBLUMENA15;America/Sao_Paulo;2020-07-03T22:59:55Z;2020-07-03 19:59:55;1593817195;-26.80653;-49.092304;0.0;0.0;168;90.0;90.0;90.0;-1;53.1;52.7;1.3;0.0;0.2;2.2;0.0;0.3;50.2;49.8;49.9;53.1;52.7;52.8;53.1;52.7;52.8;30.16;30.15;0.11;0.0;0.0
IBLUMENA15;America/Sao_Paulo;2020-07-03T23:04:59Z;2020-07-03 20:04:59;1593817499;-26.80653;-49.092304;0.0;0.0;168;91.0;89.0;90.0;-1;52.9;52.7;1.3;0.0;0.6;2.2;0.0;1.0;50.2;49.6;50.0;52.9;52.7;52.8;52.9;52.7;52.8;30.17;30.16;-0.08;0.0;0.0
IBLUMENA15;America/Sao_Paulo;2020-07-03T23:09:47Z;2020-07-03 20:09:47;1593817787;-26.80653;-49.092304;0.0;0.0;129;91.0;90.0;90.4;-1;52.7;52.5;1.3;0.0;0.2;2.2;0.0;0.3;50.2;49.6;49.8;52.7;52.5;52.6;52.7;52.5;52.6;30.17;30.16;0.12;0.0;0.0
IBLUMENA15;America/Sao_Paulo;2020-07-03T23:14:51Z;2020-07-03 20:14:51;1593818091;-26.80653;-49.092304;0.0;0.0;132;93.0;92.0;92.3;-1;52.5;52.0;0.9;0.0;0.1;1.1;0.0;0.1;50.4;49.8;50.1;52.5;52.0;52.2;52.5;52.0;52.2;30.17;30.16;0.04;0.0;0.0
IBLUMENA15;America/Sao_Paulo;2020-07-03T23:19:55Z;2020-07-03 20:19:55;1593818395;-26.80653;-49.092304;0.0;0.0;141;93.0;93.0;93.0;-1;52.0;51.6;0.0;0.0;0.0;0.0;0.0;0.0;50.0;49.6;49.8;52.0;51.6;51.8;52.0;51.6;51.8;30.17;30.16;-0.04;0.0;0.0
IBLUMENA15;America/Sao_Paulo;2020-07-03T23:24:59Z;2020-07-03 20:24:59;1593818699;-26.80653;-49.092304;0.0;0.0;141;94.0;93.0;93.8;-1;51.6;51.1;0.0;0.0;0.0;0.0;0.0;0.0;49.6;49.3;49.5;51.6;51.1;51.3;51.6;51.1;51.3;30.17;30.16;-0.04;0.0;0.0
IBLUMENA15;America/Sao_Paulo;2020-07-03T23:29:47Z;2020-07-03 20:29:47;1593818987;-26.80653;-49.092304;0.0;0.0;142;94.0;94.0;94.0;-1;51.1;50.9;0.0;0.0;0.0;0.0;0.0;0.0;49.3;49.1;49.3;51.1;50.9;51.1;51.1;50.9;51.1;30.17;30.16;0.04;0.0;0.0
IBLUMENA15;America/Sao_Paulo;2020-07-03T23:34:51Z;2020-07-03 20:34:51;1593819291;-26.80653;-49.092304;0.0;0.0;158;94.0;94.0;94.0;-1;50.9;50.9;0.9;0.0;0.1;1.1;0.0;0.2;49.1;49.1;49.1;50.9;50.9;50.9;50.9;50.9;50.9;30.18;30.17;0.14;0.0;0.0
IBLUMENA15;America/Sao_Paulo;2020-07-03T23:39:55Z;2020-07-03 20:39:55;1593819595;-26.80653;-49.092304;0.0;0.0;163;94.0;94.0;94.0;-1;50.9;50.5;0.9;0.0;0.1;1.1;0.0;0.2;49.1;48.7;48.9;50.9;50.5;50.7;50.9;50.5;50.7;30.18;30.17;-0.06;0.0;0.0
IBLUMENA15;America/Sao_Paulo;2020-07-03T23:44:59Z;2020-07-03 20:44:59;1593819899;-26.80653;-49.092304;0.0;0.0;156;95.0;94.0;94.8;-1;50.5;50.4;0.0;0.0;0.0;0.0;0.0;0.0;48.9;48.6;48.8;50.5;50.4;50.4;50.5;50.4;50.4;30.18;30.17;0.06;0.0;0.0
IBLUMENA15;America/Sao_Paulo;2020-07-03T23:49:47Z;2020-07-03 20:49:47;1593820187;-26.80653;-49.092304;0.0;0.0;156;95.0;95.0;95.0;-1;50.2;50.2;0.0;0.0;0.0;0.0;0.0;0.0;48.7;48.7;48.7;50.2;50.2;50.2;50.2;50.2;50.2;30.18;30.17;0.0;0.0;0.0
IBLUMENA15;America/Sao_Paulo;2020-07-03T23:54:51Z;2020-07-03 20:54:51;1593820491;-26.80653;-49.092304;0.0;0.0;156;95.0;95.0;95.0;-1;50.2;50.2;0.0;0.0;0.0;0.0;0.0;0.0;48.7;48.7;48.7;50.2;50.2;50.2;50.2;50.2;50.2;30.18;30.17;0.08;0.0;0.0
IBLUMENA15;America/Sao_Paulo;2020-07-03T23:59:55Z;2020-07-03 20:59:55;1593820795;-26.80653;-49.092304;0.0;0.0;160;95.0;95.0;95.0;-1;50.0;49.8;1.1;0.0;0.2;1.1;0.0;0.5;48.6;48.4;48.6;50.0;49.8;50.0;50.0;49.8;50.0;30.18;30.18;-0.04;0.0;0.0
IBLUMENA15;America/Sao_Paulo;2020-07-04T00:04:59Z;2020-07-03 21:04:59;1593821099;-26.80653;-49.092304;0.0;0.0;144;95.0;95.0;95.0;-1;49.8;49.6;1.1;0.0;0.2;1.1;0.0;0.4;48.4;48.2;48.3;49.8;49.6;49.7;49.8;49.6;49.7;30.18;30.18;0.0;0.0;0.0
IBLUMENA15;America/Sao_Paulo;2020-07-04T00:09:47Z;2020-07-03 21:09:47;1593821387;-26.80653;-49.092304;0.0;0.0;137;96.0;95.0;95.4;-1;49.8;49.3;1.1;0.0;0.5;1.1;0.0;1.0;48.4;47.8;48.3;49.8;49.3;49.5;49.8;49.3;49.5;30.18;30.17;-0.11;0.0;0.0
IBLUMENA15;America/Sao_Paulo;2020-07-04T00:14:51Z;2020-07-03 21:14:51;1593821691;-26.80653;-49.092304;0.0;0.0;137;96.0;96.0;96.0;-1;49.3;49.1;0.4;0.0;0.1;1.1;0.0;0.3;48.4;48.2;48.3;49.3;49.1;49.2;49.3;49.1;49.2;30.18;30.17;0.1;0.0;0.0
IBLUMENA15;America/Sao_Paulo;2020-07-04T00:19:55Z;2020-07-03 21:19:55;1593821995;-26.80653;-49.092304;0.0;0.0;138;97.0;96.0;96.4;-1;49.1;48.9;0.0;0.0;0.0;0.0;0.0;0.0;48.4;48.2;48.3;49.1;48.9;49.1;49.1;48.9;49.1;30.18;30.18;-0.04;0.0;0.0
IBLUMENA15;America/Sao_Paulo;2020-07-04T00:24:59Z;2020-07-03 21:24:59;1593822299;-26.80653;-49.092304;0.0;0.0;140;97.0;97.0;97.0;-1;48.9;48.9;0.0;0.0;0.0;0.0;0.0;0.0;48.2;48.2;48.2;48.9;48.9;48.9;48.9;48.9;48.9;30.18;30.18;0.04;0.0;0.0
IBLUMENA15;America/Sao_Paulo;2020-07-04T00:29:47Z;2020-07-03 21:29:47;1593822587;-26.80653;-49.092304;0.0;0.0;140;97.0;97.0;97.0;-1;48.9;48.9;0.0;0.0;0.0;0.0;0.0;0.0;48.2;48.2;48.2;48.9;48.9;48.9;48.9;48.9;48.9;30.18;30.18;-0.04;0.0;0.0
IBLUMENA15;America/Sao_Paulo;2020-07-04T00:34:51Z;2020-07-03 21:34:51;1593822891;-26.80653;-49.092304;0.0;0.0;140;97.0;97.0;97.0;-1;48.9;48.7;0.0;0.0;0.0;0.0;0.0;0.0;48.2;48.0;48.0;48.9;48.7;48.7;48.9;48.7;48.7;30.18;30.18;0.04;0.0;0.0
IBLUMENA15;America/Sao_Paulo;2020-07-04T00:39:55Z;2020-07-03 21:39:55;1593823195;-26.80653;-49.092304;0.0;0.0;138;98.0;97.0;97.9;-1;48.6;48.2;0.7;0.0;0.1;1.1;0.0;0.4;48.0;47.7;47.9;48.6;48.2;48.6;48.6;48.2;48.6;30.18;30.17;-0.04;0.0;0.0
IBLUMENA15;America/Sao_Paulo;2020-07-04T00:44:59Z;2020-07-03 21:44:59;1593823499;-26.80653;-49.092304;0.0;0.0;139;98.0;98.0;98.0;-1;48.2;48.0;0.0;0.0;0.0;0.0;0.0;0.0;47.7;47.5;47.6;48.2;48.0;48.1;48.2;48.0;48.1;30.18;30.18;0.04;0.0;0.0
IBLUMENA15;America/Sao_Paulo;2020-07-04T00:49:47Z;2020-07-03 21:49:47;1593823787;-26.80653;-49.092304;0.0;0.0;139;98.0;98.0;98.0;-1;48.0;47.8;0.0;0.0;0.0;0.0;0.0;0.0;47.5;47.3;47.5;48.0;47.8;48.0;48.0;47.8;48.0;30.18;30.18;-0.04;0.0;0.0
IBLUMENA15;America/Sao_Paulo;2020-07-04T00:54:51Z;2020-07-03 21:54:51;1593824091;-26.80653;-49.092304;0.0;0.0;139;98.0;98.0;98.0;-1;47.8;47.8;0.0;0.0;0.0;0.0;0.0;0.0;47.3;47.3;47.3;47.8;47.8;47.8;47.8;47.8;47.8;30.18;30.18;0.08;0.0;0.0
IBLUMENA15;America/Sao_Paulo;2020-07-04T00:59:55Z;2020-07-03 21:59:55;1593824395;-26.80653;-49.092304;0.0;0.0;139;98.0;98.0;98.0;-1;48.2;47.8;0.0;0.0;0.0;0.0;0.0;0.0;47.7;47.3;47.6;48.2;47.8;48.1;48.2;47.8;48.1;30.18;30.18;-0.04;0.0;0.0
IBLUMENA15;America/Sao_Paulo;2020-07-04T01:04:59Z;2020-07-03 22:04:59;1593824699;-26.80653;-49.092304;0.0;0.0;140;98.0;98.0;98.0;-1;48.4;48.2;0.0;0.0;0.0;0.0;0.0;0.0;47.8;47.7;47.8;48.4;48.2;48.4;48.4;48.2;48.4;30.19;30.18;0.04;0.0;0.0
IBLUMENA15;America/Sao_Paulo;2020-07-04T01:09:47Z;2020-07-03 22:09:47;1593824987;-26.80653;-49.092304;0.0;0.0;140;98.0;98.0;98.0;-1;48.4;48.4;0.0;0.0;0.0;0.0;0.0;0.0;47.8;47.8;47.8;48.4;48.4;48.4;48.4;48.4;48.4;30.18;30.18;-0.04;0.0;0.0
IBLUMENA15;America/Sao_Paulo;2020-07-04T01:14:51Z;2020-07-03 22:14:51;1593825291;-26.80653;-49.092304;0.0;0.0;139;98.0;98.0;98.0;-1;48.7;48.4;0.0;0.0;0.0;0.0;0.0;0.0;48.2;47.8;48.0;48.7;48.4;48.6;48.7;48.4;48.6;30.18;30.18;-0.04;0.0;0.0
IBLUMENA15;America/Sao_Paulo;2020-07-04T01:19:55Z;2020-07-03 22:19:55;1593825595;-26.80653;-49.092304;0.0;0.0;139;98.0;97.0;97.8;-1;48.9;48.7;0.2;0.0;0.0;1.1;0.0;0.2;48.4;48.2;48.3;48.9;48.7;48.8;48.9;48.7;48.8;30.18;30.18;0.04;0.0;0.0
IBLUMENA15;America/Sao_Paulo;2020-07-04T01:24:59Z;2020-07-03 22:24:59;1593825899;-26.80653;-49.092304;0.0;0.0;139;97.0;97.0;97.0;-1;48.9;48.9;0.0;0.0;0.0;0.0;0.0;0.0;48.2;48.2;48.2;48.9;48.9;48.9;48.9;48.9;48.9;30.18;30.18;0.0;0.0;0.0
IBLUMENA15;America/Sao_Paulo;2020-07-04T01:29:47Z;2020-07-03 22:29:47;1593826187;-26.80653;-49.092304;0.0;0.0;137;97.0;97.0;97.0;-1;49.3;48.9;0.9;0.0;0.5;1.1;0.0;0.8;48.6;48.2;48.4;49.3;48.9;49.1;49.3;48.9;49.1;30.18;30.18;0.04;0.0;0.0
IBLUMENA15;America/Sao_Paulo;2020-07-04T01:34:51Z;2020-07-03 22:34:51;1593826491;-26.80653;-49.092304;0.0;0.0;136;97.0;96.0;96.9;-1;49.3;49.1;0.9;0.0;0.3;1.1;0.0;0.6;48.6;48.4;48.5;49.3;49.1;49.2;49.3;49.1;49.2;30.18;30.18;-0.04;0.0;0.0
IBLUMENA15;America/Sao_Paulo;2020-07-04T01:39:55Z;2020-07-03 22:39:55;1593826795;-26.80653;-49.092304;0.0;0.0;136;97.0;96.0;96.2;-1;49.5;49.3;0.7;0.0;0.2;1.1;0.0;0.6;48.7;48.4;48.5;49.5;49.3;49.3;49.5;49.3;49.3;30.18;30.18;0.0;0.0;0.0
IBLUMENA15;America/Sao_Paulo;2020-07-04T01:44:59Z;2020-07-03 22:44:59;1593827099;-26.80653;-49.092304;0.0;0.0;136;97.0;96.0;96.4;-1;49.6;49.5;0.9;0.0;0.1;1.1;0.0;0.3;48.7;48.6;48.7;49.6;49.5;49.5;49.6;49.5;49.5;30.18;30.18;-0.04;0.0;0.0
IBLUMENA15;America/Sao_Paulo;2020-07-04T01:49:47Z;2020-07-03 22:49:47;1593827387;-26.80653;-49.092304;0.0;0.0;137;96.0;96.0;96.0;-1;49.6;49.6;0.0;0.0;0.0;0.0;0.0;0.0;48.7;48.7;48.7;49.6;49.6;49.6;49.6;49.6;49.6;30.18;30.18;0.04;0.0;0.0
IBLUMENA15;America/Sao_Paulo;2020-07-04T01:54:51Z;2020-07-03 22:54:51;1593827691;-26.80653;-49.092304;0.0;0.0;137;96.0;96.0;96.0;-1;49.8;49.6;0.0;0.0;0.0;0.0;0.0;0.0;48.9;48.7;48.8;49.8;49.6;49.7;49.8;49.6;49.7;30.18;30.18;-0.06;0.0;0.0
IBLUMENA15;America/Sao_Paulo;2020-07-04T01:59:55Z;2020-07-03 22:59:55;1593827995;-26.80653;-49.092304;0.0;0.0;137;96.0;96.0;96.0;-1;50.0;49.8;0.4;0.0;0.1;1.1;0.0;0.3;49.1;48.9;49.0;50.0;49.8;49.9;50.0;49.8;49.9;30.18;30.18;0.06;0.0;0.0
IBLUMENA15;America/Sao_Paulo;2020-07-04T02:04:59Z;2020-07-03 23:04:59;1593828299;-26.80653;-49.092304;0.0;0.0;137;96.0;96.0;96.0;-1;50.0;49.8;0.7;0.0;0.1;1.1;0.0;0.2;49.1;48.9;49.1;50.0;49.8;50.0;50.0;49.8;50.0;30.18;30.18;0.0;0.0;0.0
IBLUMENA15;America/Sao_Paulo;2020-07-04T02:14:51Z;2020-07-03 23:14:51;1593828891;-26.80653;-49.092304;0.0;0.0;137;96.0;96.0;96.0;-1;50.0;50.0;0.2;0.0;0.0;1.1;0.0;0.0;49.1;49.1;49.1;50.0;50.0;50.0;50.0;50.0;50.0;30.18;30.18;-0.04;0.0;0.0
IBLUMENA15;America/Sao_Paulo;2020-07-04T02:19:55Z;2020-07-03 23:19:55;1593829195;-26.80653;-49.092304;0.0;0.0;137;96.0;96.0;96.0;-1;50.2;50.0;0.0;0.0;0.0;0.0;0.0;0.0;49.1;49.1;49.1;50.2;50.0;50.2;50.2;50.0;50.2;30.18;30.18;0.08;0.0;0.0
IBLUMENA15;America/Sao_Paulo;2020-07-04T02:24:59Z;2020-07-03 23:24:59;1593829499;-26.80653;-49.092304;0.0;0.0;137;97.0;96.0;96.2;-1;50.2;50.2;0.4;0.0;0.1;1.1;0.0;0.3;49.5;49.1;49.2;50.2;50.2;50.2;50.2;50.2;50.2;30.18;30.18;0.0;0.0;0.0
IBLUMENA15;America/Sao_Paulo;2020-07-04T02:29:47Z;2020-07-03 23:29:47;1593829787;-26.80653;-49.092304;0.0;0.0;137;97.0;96.0;96.7;-1;50.2;50.2;0.0;0.0;0.0;0.0;0.0;0.0;49.5;49.1;49.4;50.2;50.2;50.2;50.2;50.2;50.2;30.18;30.18;0.0;0.0;0.0
IBLUMENA15;America/Sao_Paulo;2020-07-04T02:34:51Z;2020-07-03 23:34:51;1593830091;-26.80653;-49.092304;0.0;0.0;138;97.0;96.0;96.0;-1;50.2;50.0;0.0;0.0;0.0;0.0;0.0;0.0;49.5;49.1;49.1;50.2;50.0;50.1;50.2;50.0;50.1;30.18;30.18;-0.08;0.0;0.0
IBLUMENA15;America/Sao_Paulo;2020-07-04T02:39:55Z;2020-07-03 23:39:55;1593830395;-26.80653;-49.092304;0.0;0.0;138;96.0;96.0;96.0;-1;50.2;50.2;0.0;0.0;0.0;0.0;0.0;0.0;49.1;49.1;49.1;50.2;50.2;50.2;50.2;50.2;50.2;30.18;30.18;0.08;0.0;0.0
IBLUMENA15;America/Sao_Paulo;2020-07-04T02:44:59Z;2020-07-03 23:44:59;1593830699;-26.80653;-49.092304;0.0;0.0;138;96.0;96.0;96.0;-1;50.2;50.2;0.0;0.0;0.0;0.0;0.0;0.0;49.1;49.1;49.1;50.2;50.2;50.2;50.2;50.2;50.2;30.19;30.18;0.0;0.0;0.0
IBLUMENA15;America/Sao_Paulo;2020-07-04T02:49:47Z;2020-07-03 23:49:47;1593830987;-26.80653;-49.092304;0.0;0.0;138;97.0;96.0;96.2;-1;50.4;50.2;0.0;0.0;0.0;0.0;0.0;0.0;49.6;49.1;49.2;50.4;50.2;50.3;50.4;50.2;50.3;30.18;30.18;0.0;0.0;0.0
IBLUMENA15;America/Sao_Paulo;2020-07-04T02:54:51Z;2020-07-03 23:54:51;1593831291;-26.80653;-49.092304;0.0;0.0;138;97.0;97.0;97.0;-1;50.4;50.2;0.0;0.0;0.0;0.0;0.0;0.0;49.6;49.5;49.5;50.4;50.2;50.3;50.4;50.2;50.3;30.19;30.18;-0.04;0.0;0.0
IBLUMENA15;America/Sao_Paulo;2020-07-04T02:59:55Z;2020-07-03 23:59:55;1593831595;-26.80653;-49.092304;0.0;0.0;138;97.0;97.0;97.0;-1;50.2;50.2;0.0;0.0;0.0;0.0;0.0;0.0;49.5;49.5;49.5;50.2;50.2;50.2;50.2;50.2;50.2;30.19;30.18;0.08;0.0;0.0
