IBLUMENA15;America/Sao_Paulo;2020-07-04T03:04:58Z;2020-07-04 00:04:58;1593831898;-26.80653;-49.092304;0.0;0.0;138;97.0;96.0;96.9;-1;50.4;50.2;0.0;0.0;0.0;0.0;0.0;0.0;49.6;49.1;49.5;50.4;50.2;50.2;50.4;50.2;50.2;30.19;30.17;-0.04;0.0;0.0
IBLUMENA15;America/Sao_Paulo;2020-07-04T03:09:46Z;2020-07-04 00:09:46;1593832186;-26.80653;-49.092304;0.0;0.0;138;97.0;97.0;97.0;-1;50.4;50.4;0.4;0.0;0.0;1.1;0.0;0.0;49.6;49.6;49.6;50.4;50.4;50.4;50.4;50.4;50.4;30.18;30.17;-0.15;0.0;0.0
IBLUMENA15;America/Sao_Paulo;2020-07-04T03:19:54Z;2020-07-04 00:19:54;1593832794;-26.80653;-49.092304;0.0;0.0;138;97.0;96.0;96.6;-1;50.4;50.4;0.0;0.0;0.0;0.0;0.0;0.0;49.6;49.3;49.5;50.4;50.4;50.4;50.4;50.4;50.4;30.18;30.18;0.0;0.0;0.0
IBLUMENA15;America/Sao_Paulo;2020-07-04T03:24:58Z;2020-07-04 00:24:58;1593833098;-26.80653;-49.092304;0.0;0.0;138;97.0;96.0;96.2;-1;50.4;50.4;0.0;0.0;0.0;0.0;0.0;0.0;49.6;49.3;49.3;50.4;50.4;50.4;50.4;50.4;50.4;30.18;30.17;-0.04;0.0;0.0
IBLUMENA15;America/Sao_Paulo;2020-07-04T03:29:46Z;2020-07-04 00:29:46;1593833386;-26.80653;-49.092304;0.0;0.0;134;97.0;96.0;96.3;-1;50.4;50.4;1.1;0.0;0.2;1.1;0.0;0.3;49.6;49.3;49.4;50.4;50.4;50.4;50.4;50.4;50.4;30.18;30.17;0.07;0.0;0.0
IBLUMENA15;America/Sao_Paulo;2020-07-04T03:34:50Z;2020-07-04 00:34:50;1593833690;-26.80653;-49.092304;0.0;0.0;136;97.0;97.0;97.0;-1;50.4;50.2;0.4;0.0;0.0;1.1;0.0;0.2;49.6;49.5;49.5;50.4;50.2;50.3;50.4;50.2;50.3;30.18;30.17;-0.06;0.0;0.0
IBLUMENA15;America/Sao_Paulo;2020-07-04T03:39:54Z;2020-07-04 00:39:54;1593833994;-26.80653;-49.092304;0.0;0.0;137;97.0;97.0;97.0;-1;50.2;50.2;0.0;0.0;0.0;0.0;0.0;0.0;49.5;49.5;49.5;50.2;50.2;50.2;50.2;50.2;50.2;30.18;30.17;0.0;0.0;0.0
IBLUMENA15;America/Sao_Paulo;2020-07-04T03:44:58Z;2020-07-04 00:44:58;1593834298;-26.80653;-49.092304;0.0;0.0;133;97.0;97.0;97.0;-1;50.2;50.2;1.1;0.0;0.4;1.1;0.0;0.6;49.5;49.5;49.5;50.2;50.2;50.2;50.2;50.2;50.2;30.18;30.17;0.0;0.0;0.0
IBLUMENA15;America/Sao_Paulo;2020-07-04T03:49:46Z;2020-07-04 00:49:46;1593834586;-26.80653;-49.092304;0.0;0.0;131;97.0;97.0;97.0;-1;50.2;50.2;0.9;0.0;0.5;1.1;0.0;0.9;49.5;49.5;49.5;50.2;50.2;50.2;50.2;50.2;50.2;30.18;30.17;0.04;0.0;0.0
IBLUMENA15;America/Sao_Paulo;2020-07-04T03:54:50Z;2020-07-04 00:54:50;1593834890;-26.80653;-49.092304;0.0;0.0;132;97.0;97.0;97.0;-1;50.2;50.2;0.9;0.0;0.1;1.1;0.0;0.2;49.5;49.5;49.5;50.2;50.2;50.2;50.2;50.2;50.2;30.18;30.17;0.0;0.0;0.0
IBLUMENA15;America/Sao_Paulo;2020-07-04T03:59:54Z;2020-07-04 00:59:54;1593835194;-26.80653;-49.092304;0.0;0.0;133;97.0;97.0;97.0;-1;50.4;50.2;0.0;0.0;0.0;0.0;0.0;0.0;49.6;49.5;49.6;50.4;50.2;50.3;50.4;50.2;50.3;30.18;30.17;-0.04;0.0;0.0
IBLUMENA15;America/Sao_Paulo;2020-07-04T04:04:58Z;2020-07-04 01:04:58;1593835498;-26.80653;-49.092304;0.0;0.0;129;97.0;97.0;97.0;-1;50.4;50.4;1.3;0.0;0.6;2.2;0.0;0.9;49.6;49.6;49.6;50.4;50.4;50.4;50.4;50.4;50.4;30.18;30.17;0.04;0.0;0.0
IBLUMENA15;America/Sao_Paulo;2020-07-04T04:09:46Z;2020-07-04 01:09:46;1593835786;-26.80653;-49.092304;0.0;0.0;129;98.0;97.0;97.0;-1;50.4;50.2;1.1;0.0;0.6;1.1;0.0;1.0;49.6;49.5;49.6;50.4;50.2;50.4;50.4;50.2;50.4;30.18;30.17;0.03;0.0;0.0
IBLUMENA15;America/Sao_Paulo;2020-07-04T04:14:50Z;2020-07-04 01:14:50;1593836090;-26.80653;-49.092304;0.0;0.0;134;98.0;97.0;97.8;-1;50.4;50.2;1.1;0.0;0.6;1.1;0.0;1.0;49.8;49.5;49.7;50.4;50.2;50.3;50.4;50.2;50.3;30.18;30.17;-0.03;0.0;0.0
IBLUMENA15;America/Sao_Paulo;2020-07-04T04:19:54Z;2020-07-04 01:19:54;1593836394;-26.80653;-49.092304;0.0;0.0;132;98.0;97.0;98.0;-1;50.4;50.4;1.1;0.0;0.8;1.1;0.0;1.1;49.8;49.6;49.8;50.4;50.4;50.4;50.4;50.4;50.4;30.18;30.17;-0.04;0.0;0.0
IBLUMENA15;America/Sao_Paulo;2020-07-04T04:24:58Z;2020-07-04 01:24:58;1593836698;-26.80653;-49.092304;0.0;0.0;132;97.0;97.0;97.0;-1;50.4;50.4;1.1;0.0;0.1;1.1;0.0;0.3;49.6;49.6;49.6;50.4;50.4;50.4;50.4;50.4;50.4;30.18;30.17;0.1;0.0;0.0
IBLUMENA15;America/Sao_Paulo;2020-07-04T04:29:46Z;2020-07-04 01:29:46;1593836986;-26.80653;-49.092304;0.0;0.0;133;97.0;97.0;97.0;-1;50.4;50.4;1.1;0.0;0.4;1.1;0.0;0.5;49.6;49.6;49.6;50.4;50.4;50.4;50.4;50.4;50.4;30.18;30.17;-0.15;0.0;0.0
IBLUMENA15;America/Sao_Paulo;2020-07-04T04:34:50Z;2020-07-04 01:34:50;1593837290;-26.80653;-49.092304;0.0;0.0;135;97.0;97.0;97.0;-1;50.4;50.2;0.0;0.0;0.0;0.0;0.0;0.0;49.6;49.5;49.6;50.4;50.2;50.3;50.4;50.2;50.3;30.18;30.17;-0.04;0.0;0.0
IBLUMENA15;America/Sao_Paulo;2020-07-04T04:39:54Z;2020-07-04 01:39:54;1593837594;-26.80653;-49.092304;0.0;0.0;117;98.0;97.0;97.2;-1;50.4;50.2;2.5;0.0;1.0;3.4;0.0;1.4;49.8;49.5;49.6;50.4;50.2;50.4;50.4;50.2;50.4;30.18;30.17;0.0;0.0;0.0
IBLUMENA15;America/Sao_Paulo;2020-07-04T04:44:58Z;2020-07-04 01:44:58;1593837898;-26.80653;-49.092304;0.0;0.0;127;98.0;98.0;98.0;-1;50.4;50.0;1.3;0.0;0.4;2.2;0.0;0.8;49.8;49.5;49.6;50.4;50.0;50.1;50.4;50.0;50.1;30.18;30.17;0.04;0.0;0.0
IBLUMENA15;America/Sao_Paulo;2020-07-04T04:49:46Z;2020-07-04 01:49:46;1593838186;-26.80653;-49.092304;0.0;0.0;137;98.0;98.0;98.0;-1;50.0;50.0;0.2;0.0;0.0;1.1;0.0;0.0;49.5;49.5;49.5;50.0;50.0;50.0;50.0;50.0;50.0;30.17;30.16;-0.12;0.0;0.0
IBLUMENA15;America/Sao_Paulo;2020-07-04T04:54:50Z;2020-07-04 01:54:50;1593838490;-26.80653;-49.092304;0.0;0.0;137;98.0;98.0;98.0;-1;50.2;50.0;0.4;0.0;0.1;1.1;0.0;0.2;49.6;49.5;49.5;50.2;50.0;50.1;50.2;50.0;50.1;30.17;30.16;0.04;0.0;0.0
IBLUMENA15;America/Sao_Paulo;2020-07-04T04:59:54Z;2020-07-04 01:59:54;1593838794;-26.80653;-49.092304;0.0;0.0;135;98.0;98.0;98.0;-1;50.2;50.0;0.9;0.0;0.5;1.1;0.0;1.0;49.6;49.5;49.6;50.2;50.0;50.2;50.2;50.0;50.2;30.16;30.16;0.0;0.0;0.0
IBLUMENA15;America/Sao_Paulo;2020-07-04T05:04:58Z;2020-07-04 02:04:58;1593839098;-26.80653;-49.092304;0.0;0.0;136;98.0;98.0;98.0;-1;50.2;50.2;0.7;0.0;0.1;1.1;0.0;0.2;49.6;49.6;49.6;50.2;50.2;50.2;50.2;50.2;50.2;30.17;30.16;0.04;0.0;0.0
IBLUMENA15;America/Sao_Paulo;2020-07-04T05:09:46Z;2020-07-04 02:09:46;1593839386;-26.80653;-49.092304;0.0;0.0;137;98.0;98.0;98.0;-1;50.2;49.8;0.0;0.0;0.0;0.0;0.0;0.0;49.6;49.3;49.5;50.2;49.8;50.0;50.2;49.8;50.0;30.17;30.15;-0.16;0.0;0.0
IBLUMENA15;America/Sao_Paulo;2020-07-04T05:14:50Z;2020-07-04 02:14:50;1593839690;-26.80653;-49.092304;0.0;0.0;137;98.0;98.0;98.0;-1;49.8;49.8;0.0;0.0;0.0;0.0;0.0;0.0;49.3;49.3;49.3;49.8;49.8;49.8;49.8;49.8;49.8;30.17;30.15;0.08;0.0;0.0
IBLUMENA15;America/Sao_Paulo;2020-07-04T05:19:54Z;2020-07-04 02:19:54;1593839994;-26.80653;-49.092304;0.0;0.0;136;98.0;98.0;98.0;-1;49.8;49.6;0.7;0.0;0.1;1.1;0.0;0.2;49.3;49.1;49.2;49.8;49.6;49.7;49.8;49.6;49.7;30.16;30.15;-0.04;0.0;0.0
IBLUMENA15;America/Sao_Paulo;2020-07-04T05:24:58Z;2020-07-04 02:24:58;1593840298;-26.80653;-49.092304;0.0;0.0;137;99.0;98.0;98.1;-1;49.8;49.8;0.0;0.0;0.0;0.0;0.0;0.0;49.5;49.3;49.3;49.8;49.8;49.8;49.8;49.8;49.8;30.16;30.16;0.08;0.0;0.0
IBLUMENA15;America/Sao_Paulo;2020-07-04T05:29:46Z;2020-07-04 02:29:46;1593840586;-26.80653;-49.092304;0.0;0.0;131;99.0;98.0;98.4;-1;49.8;49.6;1.1;0.0;0.5;1.1;0.0;0.8;49.5;49.1;49.3;49.8;49.6;49.7;49.8;49.6;49.7;30.16;30.15;-0.08;0.0;0.0
IBLUMENA15;America/Sao_Paulo;2020-07-04T05:34:50Z;2020-07-04 02:34:50;1593840890;-26.80653;-49.092304;0.0;0.0;135;99.0;98.0;98.8;-1;49.6;49.6;1.1;0.0;0.2;1.1;0.0;0.4;49.3;49.1;49.3;49.6;49.6;49.6;49.6;49.6;49.6;30.16;30.15;-0.08;0.0;0.0
IBLUMENA15;America/Sao_Paulo;2020-07-04T05:39:54Z;2020-07-04 02:39:54;1593841194;-26.80653;-49.092304;0.0;0.0;136;99.0;99.0;99.0;-1;49.6;49.5;0.0;0.0;0.0;0.0;0.0;0.0;49.3;49.1;49.3;49.6;49.5;49.6;49.6;49.5;49.6;30.16;30.15;-0.04;0.0;0.0
IBLUMENA15;America/Sao_Paulo;2020-07-04T05:44:58Z;2020-07-04 02:44:58;1593841498;-26.80653;-49.092304;0.0;0.0;136;99.0;99.0;99.0;-1;49.5;49.5;0.0;0.0;0.0;0.0;0.0;0.0;49.1;49.1;49.1;49.5;49.5;49.5;49.5;49.5;49.5;30.15;30.15;0.08;0.0;0.0
IBLUMENA15;America/Sao_Paulo;2020-07-04T05:49:46Z;2020-07-04 02:49:46;1593841786;-26.80653;-49.092304;0.0;0.0;136;99.0;99.0;99.0;-1;49.5;49.3;0.0;0.0;0.0;0.0;0.0;0.0;49.1;48.9;49.1;49.5;49.3;49.5;49.5;49.3;49.5;30.15;30.15;-0.08;0.0;0.0
IBLUMENA15;America/Sao_Paulo;2020-07-04T05:54:50Z;2020-07-04 02:54:50;1593842090;-26.80653;-49.092304;0.0;0.0;137;99.0;99.0;99.0;-1;49.5;49.3;0.0;0.0;0.0;0.0;0.0;0.0;49.1;48.9;49.0;49.5;49.3;49.4;49.5;49.3;49.4;30.15;30.14;0.0;0.0;0.0
IBLUMENA15;America/Sao_Paulo;2020-07-04T05:59:54Z;2020-07-04 02:59:54;1593842394;-26.80653;-49.092304;0.0;0.0;137;99.0;99.0;99.0;-1;49.5;49.5;0.0;0.0;0.0;0.0;0.0;0.0;49.1;49.1;49.1;49.5;49.5;49.5;49.5;49.5;49.5;30.15;30.14;0.0;0.0;0.0
IBLUMENA15;America/Sao_Paulo;2020-07-04T06:04:58Z;2020-07-04 03:04:58;1593842698;-26.80653;-49.092304;0.0;0.0;151;99.0;99.0;99.0;-1;49.5;49.3;0.2;0.0;0.0;1.1;0.0;0.1;49.1;48.9;49.1;49.5;49.3;49.5;49.5;49.3;49.5;30.15;30.14;0.04;0.0;0.0
IBLUMENA15;America/Sao_Paulo;2020-07-04T06:09:46Z;2020-07-04 03:09:46;1593842986;-26.80653;-49.092304;0.0;0.0;150;99.0;99.0;99.0;-1;49.3;49.1;0.0;0.0;0.0;0.0;0.0;0.0;48.9;48.7;48.8;49.3;49.1;49.2;49.3;49.1;49.2;30.15;30.14;-0.12;0.0;0.0
IBLUMENA15;America/Sao_Paulo;2020-07-04T06:14:50Z;2020-07-04 03:14:50;1593843290;-26.80653;-49.092304;0.0;0.0;151;99.0;99.0;99.0;-1;49.1;48.9;0.0;0.0;0.0;0.0;0.0;0.0;48.7;48.6;48.7;49.1;48.9;49.1;49.1;48.9;49.1;30.14;30.14;-0.08;0.0;0.0
IBLUMENA15;America/Sao_Paulo;2020-07-04T06:19:54Z;2020-07-04 03:19:54;1593843594;-26.80653;-49.092304;0.0;0.0;151;99.0;99.0;99.0;-1;48.9;48.7;0.0;0.0;0.0;0.0;0.0;0.0;48.6;48.4;48.6;48.9;48.7;48.9;48.9;48.7;48.9;30.14;30.13;0.04;0.0;0.0
IBLUMENA15;America/Sao_Paulo;2020-07-04T06:24:58Z;2020-07-04 03:24:58;1593843898;-26.80653;-49.092304;0.0;0.0;151;99.0;99.0;99.0;-1;48.7;48.6;0.0;0.0;0.0;0.0;0.0;0.0;48.4;48.2;48.3;48.7;48.6;48.6;48.7;48.6;48.6;30.14;30.14;0.04;0.0;0.0
IBLUMENA15;America/Sao_Paulo;2020-07-04T06:29:46Z;2020-07-04 03:29:46;1593844186;-26.80653;-49.092304;0.0;0.0;151;99.0;99.0;99.0;-1;48.9;48.6;0.0;0.0;0.0;0.0;0.0;0.0;48.6;48.2;48.3;48.9;48.6;48.7;48.9;48.6;48.7;30.14;30.14;-0.08;0.0;0.0
IBLUMENA15;America/Sao_Paulo;2020-07-04T06:34:50Z;2020-07-04 03:34:50;1593844490;-26.80653;-49.092304;0.0;0.0;151;99.0;99.0;99.0;-1;48.9;48.7;0.0;0.0;0.0;0.0;0.0;0.0;48.6;48.4;48.6;48.9;48.7;48.9;48.9;48.7;48.9;30.14;30.14;0.0;0.0;0.0
IBLUMENA15;America/Sao_Paulo;2020-07-04T06:39:54Z;2020-07-04 03:39:54;1593844794;-26.80653;-49.092304;0.0;0.0;150;99.0;99.0;99.0;-1;48.7;48.7;0.0;0.0;0.0;0.0;0.0;0.0;48.4;48.4;48.4;48.7;48.7;48.7;48.7;48.7;48.7;30.14;30.13;0.0;0.0;0.0
IBLUMENA15;America/Sao_Paulo;2020-07-04T06:44:58Z;2020-07-04 03:44:58;1593845098;-26.80653;-49.092304;0.0;0.0;135;99.0;99.0;99.0;-1;48.7;48.6;1.1;0.0;0.5;1.1;0.0;0.6;48.4;48.2;48.3;48.7;48.6;48.7;48.7;48.6;48.7;30.14;30.13;-0.04;0.0;0.0
IBLUMENA15;America/Sao_Paulo;2020-07-04T06:49:46Z;2020-07-04 03:49:46;1593845386;-26.80653;-49.092304;0.0;0.0;138;99.0;99.0;99.0;-1;48.6;48.6;0.0;0.0;0.0;0.0;0.0;0.0;48.2;48.2;48.2;48.6;48.6;48.6;48.6;48.6;48.6;30.14;30.13;0.04;0.0;0.0
IBLUMENA15;America/Sao_Paulo;2020-07-04T06:54:50Z;2020-07-04 03:54:50;1593845690;-26.80653;-49.092304;0.0;0.0;138;99.0;99.0;99.0;-1;48.6;48.6;0.2;0.0;0.0;1.1;0.0;0.0;48.2;48.2;48.2;48.6;48.6;48.6;48.6;48.6;48.6;30.14;30.13;0.0;0.0;0.0
IBLUMENA15;America/Sao_Paulo;2020-07-04T06:59:54Z;2020-07-04 03:59:54;1593845994;-26.80653;-49.092304;0.0;0.0;138;99.0;99.0;99.0;-1;48.7;48.6;0.2;0.0;0.0;1.1;0.0;0.1;48.4;48.2;48.3;48.7;48.6;48.7;48.7;48.6;48.7;30.14;30.13;-0.04;0.0;0.0
IBLUMENA15;America/Sao_Paulo;2020-07-04T07:04:58Z;2020-07-04 04:04:58;1593846298;-26.80653;-49.092304;0.0;0.0;138;99.0;99.0;99.0;-1;48.9;48.7;0.0;0.0;0.0;0.0;0.0;0.0;48.6;48.4;48.5;48.9;48.7;48.8;48.9;48.7;48.8;30.14;30.13;0.08;0.0;0.0
IBLUMENA15;America/Sao_Paulo;2020-07-04T07:09:46Z;2020-07-04 04:09:46;1593846586;-26.80653;-49.092304;0.0;0.0;138;99.0;99.0;99.0;-1;48.9;48.7;0.4;0.0;0.0;1.1;0.0;0.1;48.6;48.4;48.5;48.9;48.7;48.8;48.9;48.7;48.8;30.15;30.14;0.0;0.0;0.0
IBLUMENA15;America/Sao_Paulo;2020-07-04T07:14:50Z;2020-07-04 04:14:50;1593846890;-26.80653;-49.092304;0.0;0.0;131;99.0;99.0;99.0;-1;49.1;48.9;1.3;0.0;0.6;2.2;0.0;1.1;48.7;48.6;48.7;49.1;48.9;49.1;49.1;48.9;49.1;30.15;30.14;0.04;0.0;0.0
IBLUMENA15;America/Sao_Paulo;2020-07-04T07:19:54Z;2020-07-04 04:19:54;1593847194;-26.80653;-49.092304;0.0;0.0;126;99.0;99.0;99.0;-1;49.1;49.1;1.3;0.0;0.3;2.2;0.0;0.5;48.7;48.7;48.7;49.1;49.1;49.1;49.1;49.1;49.1;30.14;30.13;0.0;0.0;0.0
IBLUMENA15;America/Sao_Paulo;2020-07-04T07:24:58Z;2020-07-04 04:24:58;1593847498;-26.80653;-49.092304;0.0;0.0;128;99.0;99.0;99.0;-1;49.1;48.9;1.3;0.0;1.0;2.2;0.0;1.3;48.7;48.6;48.7;49.1;48.9;49.1;49.1;48.9;49.1;30.14;30.13;-0.08;0.0;0.0
IBLUMENA15;America/Sao_Paulo;2020-07-04T07:29:46Z;2020-07-04 04:29:46;1593847786;-26.80653;-49.092304;0.0;0.0;137;99.0;99.0;99.0;-1;48.9;48.9;0.2;0.0;0.0;1.1;0.0;0.0;48.6;48.6;48.6;48.9;48.9;48.9;48.9;48.9;48.9;30.14;30.13;0.0;0.0;0.0
IBLUMENA15;America/Sao_Paulo;2020-07-04T07:34:50Z;2020-07-04 04:34:50;1593848090;-26.80653;-49.092304;0.0;0.0;140;99.0;99.0;99.0;-1;49.1;48.9;0.7;0.0;0.2;1.1;0.0;0.5;48.7;48.6;48.7;49.1;48.9;49.0;49.1;48.9;49.0;30.15;30.14;0.0;0.0;0.0
IBLUMENA15;America/Sao_Paulo;2020-07-04T07:39:54Z;2020-07-04 04:39:54;1593848394;-26.80653;-49.092304;0.0;0.0;148;99.0;99.0;99.0;-1;49.1;49.1;0.0;0.0;0.0;0.0;0.0;0.0;48.7;48.7;48.7;49.1;49.1;49.1;49.1;49.1;49.1;30.14;30.13;0.0;0.0;0.0
IBLUMENA15;America/Sao_Paulo;2020-07-04T07:44:58Z;2020-07-04 04:44:58;1593848698;-26.80653;-49.092304;0.0;0.0;143;99.0;99.0;99.0;-1;49.3;49.1;0.4;0.0;0.1;1.1;0.0;0.5;48.9;48.7;48.9;49.3;49.1;49.3;49.3;49.1;49.3;30.14;30.13;-0.04;0.0;0.0
IBLUMENA15;America/Sao_Paulo;2020-07-04T07:49:46Z;2020-07-04 04:49:46;1593848986;-26.80653;-49.092304;0.0;0.0;141;99.0;99.0;99.0;-1;49.3;49.1;0.9;0.0;0.3;1.1;0.0;0.4;48.9;48.7;48.8;49.3;49.1;49.2;49.3;49.1;49.2;30.14;30.13;0.12;0.0;0.0
IBLUMENA15;America/Sao_Paulo;2020-07-04T07:54:50Z;2020-07-04 04:54:50;1593849290;-26.80653;-49.092304;0.0;0.0;139;99.0;99.0;99.0;-1;49.3;49.1;1.1;0.0;0.2;1.1;0.0;0.4;48.9;48.7;48.8;49.3;49.1;49.2;49.3;49.1;49.2;30.14;30.13;-0.11;0.0;0.0
IBLUMENA15;America/Sao_Paulo;2020-07-04T07:59:54Z;2020-07-04 04:59:54;1593849594;-26.80653;-49.092304;0.0;0.0;139;99.0;99.0;99.0;-1;49.3;49.3;0.7;0.0;0.2;1.1;0.0;0.5;48.9;48.9;48.9;49.3;49.3;49.3;49.3;49.3;49.3;30.14;30.13;0.08;0.0;0.0
IBLUMENA15;America/Sao_Paulo;2020-07-04T08:04:58Z;2020-07-04 05:04:58;1593849898;-26.80653;-49.092304;0.0;0.0;126;99.0;99.0;99.0;-1;49.3;49.3;1.3;0.2;0.8;2.2;1.1;1.2;48.9;48.9;48.9;49.3;49.3;49.3;49.3;49.3;49.3;30.14;30.14;0.04;0.0;0.0
IBLUMENA15;America/Sao_Paulo;2020-07-04T08:09:46Z;2020-07-04 05:09:46;1593850186;-26.80653;-49.092304;0.0;0.0;130;99.0;99.0;99.0;-1;49.1;49.1;1.1;0.0;0.3;1.1;0.0;0.4;48.7;48.7;48.7;49.1;49.1;49.1;49.1;49.1;49.1;30.15;30.14;0.04;0.0;0.0
IBLUMENA15;America/Sao_Paulo;2020-07-04T08:14:50Z;2020-07-04 05:14:50;1593850490;-26.80653;-49.092304;0.0;0.0;135;99.0;99.0;99.0;-1;49.3;49.1;0.0;0.0;0.0;0.0;0.0;0.0;48.9;48.7;48.8;49.3;49.1;49.2;49.3;49.1;49.2;30.15;30.14;-0.04;0.0;0.0
IBLUMENA15;America/Sao_Paulo;2020-07-04T08:19:54Z;2020-07-04 05:19:54;1593850794;-26.80653;-49.092304;0.0;0.0;137;99.0;99.0;99.0;-1;49.3;49.3;0.0;0.0;0.0;0.0;0.0;0.0;48.9;48.9;48.9;49.3;49.3;49.3;49.3;49.3;49.3;30.15;30.14;0.04;0.0;0.0
IBLUMENA15;America/Sao_Paulo;2020-07-04T08:24:58Z;2020-07-04 05:24:58;1593851098;-26.80653;-49.092304;0.0;0.0;137;99.0;99.0;99.0;-1;49.3;49.3;0.0;0.0;0.0;0.0;0.0;0.0;48.9;48.9;48.9;49.3;49.3;49.3;49.3;49.3;49.3;30.15;30.13;-0.04;0.0;0.0
IBLUMENA15;America/Sao_Paulo;2020-07-04T08:29:46Z;2020-07-04 05:29:46;1593851386;-26.80653;-49.092304;0.0;0.0;137;99.0;99.0;99.0;-1;49.3;49.3;0.0;0.0;0.0;0.0;0.0;0.0;48.9;48.9;48.9;49.3;49.3;49.3;49.3;49.3;49.3;30.14;30.14;0.0;0.0;0.0
IBLUMENA15;America/Sao_Paulo;2020-07-04T08:34:50Z;2020-07-04 05:34:50;1593851690;-26.80653;-49.092304;0.0;0.0;137;99.0;99.0;99.0;-1;49.3;48.9;0.0;0.0;0.0;0.0;0.0;0.0;48.9;48.6;48.8;49.3;48.9;49.2;49.3;48.9;49.2;30.15;30.14;0.04;0.0;0.0
IBLUMENA15;America/Sao_Paulo;2020-07-04T08:39:54Z;2020-07-04 05:39:54;1593851994;-26.80653;-49.092304;0.0;0.0;149;99.0;99.0;99.0;-1;49.1;48.9;0.7;0.0;0.1;1.1;0.0;0.1;48.7;48.6;48.7;49.1;48.9;49.1;49.1;48.9;49.1;30.15;30.14;0.0;0.0;0.0
IBLUMENA15;America/Sao_Paulo;2020-07-04T08:44:58Z;2020-07-04 05:44:58;1593852298;-26.80653;-49.092304;0.0;0.0;156;99.0;99.0;99.0;-1;49.1;48.9;0.2;0.0;0.0;1.1;0.0;0.2;48.7;48.6;48.6;49.1;48.9;49.0;49.1;48.9;49.0;30.15;30.14;-0.04;0.0;0.0
IBLUMENA15;America/Sao_Paulo;2020-07-04T08:49:46Z;2020-07-04 05:49:46;1593852586;-26.80653;-49.092304;0.0;0.0;155;99.0;99.0;99.0;-1;48.9;48.6;0.0;0.0;0.0;0.0;0.0;0.0;48.6;48.2;48.5;48.9;48.6;48.8;48.9;48.6;48.8;30.15;30.14;0.0;0.0;0.0
IBLUMENA15;America/Sao_Paulo;2020-07-04T08:54:50Z;2020-07-04 05:54:50;1593852890;-26.80653;-49.092304;0.0;0.0;157;99.0;99.0;99.0;-1;48.7;48.6;1.1;0.0;0.4;1.1;0.0;0.6;48.4;48.2;48.3;48.7;48.6;48.6;48.7;48.6;48.6;30.15;30.14;0.0;0.0;0.0
IBLUMENA15;America/Sao_Paulo;2020-07-04T08:59:54Z;2020-07-04 05:59:54;1593853194;-26.80653;-49.092304;0.0;0.0;160;99.0;99.0;99.0;-1;48.7;48.6;0.9;0.0;0.4;1.1;0.0;0.6;48.4;48.2;48.3;48.7;48.6;48.6;48.7;48.6;48.6;30.14;30.14;-0.04;0.0;0.0
IBLUMENA15;America/Sao_Paulo;2020-07-04T09:04:58Z;2020-07-04 06:04:58;1593853498;-26.80653;-49.092304;0.0;0.0;159;99.0;99.0;99.0;-1;48.6;48.4;0.0;0.0;0.0;0.0;0.0;0.0;48.2;48.0;48.1;48.6;48.4;48.5;48.6;48.4;48.5;30.15;30.14;0.0;0.0;0.0
IBLUMENA15;America/Sao_Paulo;2020-07-04T09:09:46Z;2020-07-04 06:09:46;1593853786;-26.80653;-49.092304;0.0;0.0;158;99.0;99.0;99.0;-1;48.4;48.4;0.0;0.0;0.0;0.0;0.0;0.0;48.0;48.0;48.0;48.4;48.4;48.4;48.4;48.4;48.4;30.15;30.14;0.04;0.0;0.0
IBLUMENA15;America/Sao_Paulo;2020-07-04T09:14:50Z;2020-07-04 06:14:50;1593854090;-26.80653;-49.092304;0.0;0.0;158;99.0;99.0;99.0;-1;48.4;48.4;0.0;0.0;0.0;0.0;0.0;0.0;48.0;48.0;48.0;48.4;48.4;48.4;48.4;48.4;48.4;30.15;30.14;0.04;0.0;0.0
IBLUMENA15;America/Sao_Paulo;2020-07-04T09:19:54Z;2020-07-04 06:19:54;1593854394;-26.80653;-49.092304;0.0;0.0;158;99.0;99.0;99.0;-1;48.4;48.4;0.0;0.0;0.0;0.0;0.0;0.0;48.0;48.0;48.0;48.4;48.4;48.4;48.4;48.4;48.4;30.15;30.15;0.0;0.0;0.0
IBLUMENA15;America/Sao_Paulo;2020-07-04T09:24:58Z;2020-07-04 06:24:58;1593854698;-26.80653;-49.092304;0.0;0.0;158;99.0;99.0;99.0;-1;48.4;48.2;0.0;0.0;0.0;0.0;0.0;0.0;48.0;47.8;48.0;48.4;48.2;48.4;48.4;48.2;48.4;30.15;30.15;0.04;0.0;0.0
IBLUMENA15;America/Sao_Paulo;2020-07-04T09:29:46Z;2020-07-04 06:29:46;1593854986;-26.80653;-49.092304;0.0;0.0;158;99.0;99.0;99.0;-1;48.2;47.8;0.0;0.0;0.0;0.0;0.0;0.0;47.8;47.5;47.6;48.2;47.8;47.9;48.2;47.8;47.9;30.15;30.14;0.0;0.0;0.0
IBLUMENA15;America/Sao_Paulo;2020-07-04T09:34:50Z;2020-07-04 06:34:50;1593855290;-26.80653;-49.092304;0.0;0.0;158;99.0;99.0;99.0;-1;47.8;47.5;0.0;0.0;0.0;0.0;0.0;0.0;47.5;47.1;47.3;47.8;47.5;47.7;47.8;47.5;47.7;30.15;30.15;-0.04;0.0;0.0
IBLUMENA15;America/Sao_Paulo;2020-07-04T09:39:54Z;2020-07-04 06:39:54;1593855594;-26.80653;-49.092304;0.0;0.0;158;99.0;99.0;99.0;-1;47.5;47.3;0.2;0.0;0.0;1.1;0.0;0.1;47.1;46.9;47.0;47.5;47.3;47.4;47.5;47.3;47.4;30.15;30.15;0.11;0.0;0.0
IBLUMENA15;America/Sao_Paulo;2020-07-04T09:44:58Z;2020-07-04 06:44:58;1593855898;-26.80653;-49.092304;0.0;0.0;158;99.0;99.0;99.0;-1;47.3;47.1;0.0;0.0;0.0;0.0;0.0;0.0;46.9;46.8;46.8;47.3;47.1;47.2;47.3;47.1;47.2;30.16;30.15;0.04;0.0;0.0
IBLUMENA15;America/Sao_Paulo;2020-07-04T09:49:46Z;2020-07-04 06:49:46;1593856186;-26.80653;-49.092304;0.0;0.0;158;99.0;99.0;99.0;-1;47.1;46.9;0.0;0.0;0.0;0.0;0.0;0.0;46.8;46.6;46.7;47.1;46.9;47.0;47.1;46.9;47.0;30.16;30.15;0.04;0.0;0.0
IBLUMENA15;America/Sao_Paulo;2020-07-04T09:54:50Z;2020-07-04 06:54:50;1593856490;-26.80653;-49.092304;0.0;0.0;158;99.0;99.0;99.0;-1;46.9;46.6;0.0;0.0;0.0;0.0;0.0;0.0;46.6;46.2;46.3;46.9;46.6;46.7;46.9;46.6;46.7;30.16;30.15;0.04;0.0;0.0
IBLUMENA15;America/Sao_Paulo;2020-07-04T09:59:54Z;2020-07-04 06:59:54;1593856794;-26.80653;-49.092304;0.4;0.0;158;99.0;99.0;99.0;-1;46.6;46.4;0.0;0.0;0.0;0.0;0.0;0.0;46.2;46.0;46.1;46.6;46.4;46.5;46.6;46.4;46.5;30.16;30.16;-0.08;0.0;0.0
IBLUMENA15;America/Sao_Paulo;2020-07-04T10:04:58Z;2020-07-04 07:04:58;1593857098;-26.80653;-49.092304;1.7;0.0;146;99.0;99.0;99.0;-1;46.4;46.0;0.7;0.0;0.1;1.1;0.0;0.3;46.0;45.7;45.9;46.4;46.0;46.2;46.4;46.0;46.2;30.17;30.16;0.08;0.0;0.0
IBLUMENA15;America/Sao_Paulo;2020-07-04T10:09:46Z;2020-07-04 07:09:46;1593857386;-26.80653;-49.092304;3.4;0.0;144;99.0;99.0;99.0;-1;46.0;45.9;0.2;0.0;0.0;1.1;0.0;0.1;45.7;45.5;45.5;46.0;45.9;45.9;46.0;45.9;45.9;30.17;30.16;0.04;0.0;0.0
IBLUMENA15;America/Sao_Paulo;2020-07-04T10:14:50Z;2020-07-04 07:14:50;1593857690;-26.80653;-49.092304;5.6;0.0;140;99.0;99.0;99.0;-1;46.0;45.9;1.1;0.0;0.2;1.1;0.0;0.3;45.7;45.5;45.7;46.0;45.9;46.0;46.0;45.9;46.0;30.17;30.16;-0.04;0.0;0.0
IBLUMENA15;America/Sao_Paulo;2020-07-04T10:19:54Z;2020-07-04 07:19:54;1593857994;-26.80653;-49.092304;8.6;0.0;140;99.0;99.0;99.0;-1;46.0;46.0;0.2;0.0;0.0;1.1;0.0;0.2;45.7;45.7;45.7;46.0;46.0;46.0;46.0;46.0;46.0;30.17;30.16;0.04;0.0;0.0
IBLUMENA15;America/Sao_Paulo;2020-07-04T10:24:58Z;2020-07-04 07:24:58;1593858298;-26.80653;-49.092304;11.3;0.0;140;99.0;99.0;99.0;-1;46.0;45.9;0.0;0.0;0.0;0.0;0.0;0.0;45.7;45.5;45.7;46.0;45.9;46.0;46.0;45.9;46.0;30.17;30.16;-0.04;0.0;0.0
IBLUMENA15;America/Sao_Paulo;2020-07-04T10:29:46Z;2020-07-04 07:29:46;1593858586;-26.80653;-49.092304;13.3;0.0;137;99.0;99.0;99.0;-1;45.9;45.9;0.9;0.0;0.2;1.1;0.0;0.4;45.5;45.5;45.5;45.9;45.9;45.9;45.9;45.9;45.9;30.17;30.16;0.0;0.0;0.0
IBLUMENA15;America/Sao_Paulo;2020-07-04T10:34:50Z;2020-07-04 07:34:50;1593858890;-26.80653;-49.092304;16.4;0.0;139;99.0;99.0;99.0;-1;45.7;45.7;0.0;0.0;0.0;0.0;0.0;0.0;45.3;45.3;45.3;45.7;45.7;45.7;45.7;45.7;45.7;30.17;30.16;0.08;0.0;0.0
IBLUMENA15;America/Sao_Paulo;2020-07-04T10:39:54Z;2020-07-04 07:39:54;1593859194;-26.80653;-49.092304;24.2;0.0;139;99.0;99.0;99.0;-1;46.0;45.7;0.0;0.0;0.0;0.0;0.0;0.0;45.7;45.3;45.4;46.0;45.7;45.8;46.0;45.7;45.8;30.17;30.17;0.0;0.0;0.0
IBLUMENA15;America/Sao_Paulo;2020-07-04T10:44:58Z;2020-07-04 07:44:58;1593859498;-26.80653;-49.092304;35.5;0.0;138;99.0;99.0;99.0;-1;46.8;46.0;0.0;0.0;0.0;0.0;0.0;0.0;46.4;45.7;46.0;46.8;46.0;46.3;46.8;46.0;46.3;30.17;30.16;0.0;0.0;0.0
IBLUMENA15;America/Sao_Paulo;2020-07-04T10:49:46Z;2020-07-04 07:49:46;1593859786;-26.80653;-49.092304;34.6;0.0;138;99.0;99.0;99.0;-1;47.3;46.8;0.0;0.0;0.0;0.0;0.0;0.0;46.9;46.4;46.7;47.3;46.8;47.1;47.3;46.8;47.1;30.17;30.17;0.0;0.0;0.0
IBLUMENA15;America/Sao_Paulo;2020-07-04T10:54:50Z;2020-07-04 07:54:50;1593860090;-26.80653;-49.092304;43.3;0.0;137;99.0;99.0;99.0;-1;47.8;47.3;0.2;0.0;0.0;1.1;0.0;0.2;47.5;46.9;47.2;47.8;47.3;47.5;47.8;47.3;47.5;30.17;30.17;0.0;0.0;0.0
IBLUMENA15;America/Sao_Paulo;2020-07-04T10:59:54Z;2020-07-04 07:59:54;1593860394;-26.80653;-49.092304;45.9;0.0;137;99.0;99.0;99.0;-1;48.4;47.8;0.4;0.0;0.1;1.1;0.0;0.5;48.0;47.5;47.8;48.4;47.8;48.2;48.4;47.8;48.2;30.18;30.17;0.04;0.0;0.0
IBLUMENA15;America/Sao_Paulo;2020-07-04T11:04:58Z;2020-07-04 08:04:58;1593860698;-26.80653;-49.092304;46.4;0.0;138;99.0;99.0;99.0;-1;48.2;48.2;0.0;0.0;0.0;0.0;0.0;0.0;47.8;47.8;47.8;48.2;48.2;48.2;48.2;48.2;48.2;30.18;30.17;0.06;0.0;0.0
IBLUMENA15;America/Sao_Paulo;2020-07-04T11:09:46Z;2020-07-04 08:09:46;1593860986;-26.80653;-49.092304;76.7;0.0;138;99.0;99.0;99.0;-1;49.5;48.2;0.0;0.0;0.0;0.0;0.0;0.0;49.1;47.8;48.4;49.5;48.2;48.8;49.5;48.2;48.8;30.18;30.18;-0.03;0.0;0.0
IBLUMENA15;America/Sao_Paulo;2020-07-04T11:14:50Z;2020-07-04 08:14:50;1593861290;-26.80653;-49.092304;73.3;0.0;138;99.0;98.0;98.2;-1;49.6;49.3;0.0;0.0;0.0;0.0;0.0;0.0;49.1;48.7;49.0;49.6;49.3;49.5;49.6;49.3;49.5;30.19;30.18;0.14;0.0;0.0
IBLUMENA15;America/Sao_Paulo;2020-07-04T11:19:54Z;2020-07-04 08:19:54;1593861594;-26.80653;-49.092304;62.4;0.0;137;98.0;98.0;98.0;-1;49.6;49.3;0.7;0.0;0.1;1.1;0.0;0.2;49.1;48.7;49.0;49.6;49.3;49.5;49.6;49.3;49.5;30.19;30.18;-0.11;0.0;0.0
IBLUMENA15;America/Sao_Paulo;2020-07-04T11:24:58Z;2020-07-04 08:24:58;1593861898;-26.80653;-49.092304;73.7;0.0;135;98.0;97.0;97.2;-1;50.4;49.6;0.9;0.0;0.3;1.1;0.0;0.6;49.6;48.9;49.2;50.4;49.6;49.8;50.4;49.6;49.8;30.19;30.18;0.11;0.0;0.0
IBLUMENA15;America/Sao_Paulo;2020-07-04T11:29:46Z;2020-07-04 08:29:46;1593862186;-26.80653;-49.092304;66.8;0.0;133;97.0;96.0;96.0;-1;50.5;50.4;1.1;0.2;0.5;1.1;1.1;1.1;49.6;49.3;49.3;50.5;50.4;50.4;50.5;50.4;50.4;30.19;30.18;-0.12;0.0;0.0
IBLUMENA15;America/Sao_Paulo;2020-07-04T11:34:50Z;2020-07-04 08:34:50;1593862490;-26.80653;-49.092304;75.8;0.0;130;96.0;95.0;95.0;-1;50.9;50.5;1.1;0.0;0.6;1.1;0.0;1.0;49.5;49.1;49.3;50.9;50.5;50.7;50.9;50.5;50.7;30.18;30.18;0.08;0.0;0.0
IBLUMENA15;America/Sao_Paulo;2020-07-04T11:39:54Z;2020-07-04 08:39:54;1593862794;-26.80653;-49.092304;83.7;0.0;117;95.0;93.0;93.8;-1;51.4;50.9;1.8;0.0;1.1;2.2;0.0;1.5;49.6;49.3;49.5;51.4;50.9;51.3;51.4;50.9;51.3;30.19;30.18;0.08;0.0;0.0
IBLUMENA15;America/Sao_Paulo;2020-07-04T11:44:58Z;2020-07-04 08:44:58;1593863098;-26.80653;-49.092304;93.2;0.0;118;95.0;94.0;94.3;-1;51.4;51.3;2.0;0.2;1.2;2.2;1.1;1.8;49.8;49.5;49.6;51.4;51.3;51.3;51.4;51.3;51.3;30.19;30.19;0.04;0.0;0.0
IBLUMENA15;America/Sao_Paulo;2020-07-04T11:49:46Z;2020-07-04 08:49:46;1593863386;-26.80653;-49.092304;94.9;0.0;128;95.0;93.0;93.7;-1;52.2;51.4;1.8;0.0;0.7;2.2;0.0;1.1;50.2;49.8;50.0;52.2;51.4;51.9;52.2;51.4;51.9;30.19;30.18;-0.12;0.0;0.0
IBLUMENA15;America/Sao_Paulo;2020-07-04T11:54:50Z;2020-07-04 08:54:50;1593863690;-26.80653;-49.092304;95.8;0.0;126;93.0;92.0;92.4;-1;52.7;52.2;1.8;0.2;0.9;2.2;1.1;1.5;50.5;50.2;50.4;52.7;52.2;52.5;52.7;52.2;52.5;30.19;30.18;0.08;0.0;0.0
IBLUMENA15;America/Sao_Paulo;2020-07-04T11:59:54Z;2020-07-04 08:59:54;1593863994;-26.80653;-49.092304;138.4;1.0;125;93.0;92.0;92.7;-1;52.5;52.2;1.3;0.0;1.0;2.2;0.0;1.3;50.4;50.2;50.3;52.5;52.2;52.3;52.5;52.2;52.3;30.19;30.18;-0.04;0.0;0.0
IBLUMENA15;America/Sao_Paulo;2020-07-04T12:04:58Z;2020-07-04 09:04:58;1593864298;-26.80653;-49.092304;163.4;1.0;127;93.0;91.0;91.7;-1;53.6;52.3;1.3;0.0;0.8;2.2;0.0;1.1;51.3;50.4;50.8;53.6;52.3;53.1;53.6;52.3;53.1;30.19;30.18;0.04;0.0;0.0
IBLUMENA15;America/Sao_Paulo;2020-07-04T12:09:46Z;2020-07-04 09:09:46;1593864586;-26.80653;-49.092304;295.3;2.0;123;91.0;89.0;89.5;-1;54.7;53.8;1.8;0.0;0.6;2.2;0.0;0.9;51.4;50.9;51.3;54.7;53.8;54.4;54.7;53.8;54.4;30.19;30.18;-0.08;0.0;0.0
IBLUMENA15;America/Sao_Paulo;2020-07-04T12:14:50Z;2020-07-04 09:14:50;1593864890;-26.80653;-49.092304;179.1;1.0;124;90.0;89.0;89.1;-1;54.7;54.5;1.3;0.2;0.9;2.2;1.1;1.3;51.6;51.3;51.4;54.7;54.5;54.5;54.7;54.5;54.5;30.19;30.18;0.0;0.0;0.0
IBLUMENA15;America/Sao_Paulo;2020-07-04T12:19:54Z;2020-07-04 09:19:54;1593865194;-26.80653;-49.092304;206.9;2.0;126;89.0;87.0;87.9;-1;55.8;54.7;1.6;0.0;0.7;2.2;0.0;1.1;52.0;51.3;51.7;55.8;54.7;55.3;55.8;54.7;55.3;30.19;30.18;0.08;0.0;0.0
IBLUMENA15;America/Sao_Paulo;2020-07-04T12:24:58Z;2020-07-04 09:24:58;1593865498;-26.80653;-49.092304;208.2;2.0;133;87.0;84.0;85.2;-1;55.9;55.8;1.1;0.0;0.4;1.1;0.0;0.8;52.0;50.9;51.4;55.9;55.8;55.8;55.9;55.8;55.8;30.19;30.18;0.0;0.0;0.0
IBLUMENA15;America/Sao_Paulo;2020-07-04T12:29:46Z;2020-07-04 09:29:46;1593865786;-26.80653;-49.092304;150.0;1.0;129;87.0;84.0;85.8;-1;55.9;55.0;1.3;0.0;0.7;2.2;0.0;1.1;51.6;51.1;51.4;55.9;55.0;55.6;55.9;55.0;55.6;30.19;30.18;0.0;0.0;0.0
IBLUMENA15;America/Sao_Paulo;2020-07-04T12:34:50Z;2020-07-04 09:34:50;1593866090;-26.80653;-49.092304;53.7;0.0;133;88.0;86.0;86.6;-1;55.2;54.9;1.1;0.0;0.4;1.1;0.0;0.6;51.3;50.9;51.1;55.2;54.9;55.0;55.2;54.9;55.0;30.19;30.19;-0.04;0.0;0.0
IBLUMENA15;America/Sao_Paulo;2020-07-04T12:39:54Z;2020-07-04 09:39:54;1593866394;-26.80653;-49.092304;52.5;0.0;118;86.0;83.0;84.9;-1;55.4;55.2;2.2;0.7;1.4;2.2;1.1;1.8;51.1;50.4;50.8;55.4;55.2;55.3;55.4;55.2;55.3;30.19;30.18;0.0;0.0;0.0
IBLUMENA15;America/Sao_Paulo;2020-07-04T12:44:58Z;2020-07-04 09:44:58;1593866698;-26.80653;-49.092304;52.8;0.0;114;84.0;83.0;83.4;-1;55.6;55.4;2.5;0.0;0.9;3.4;0.0;1.2;50.7;50.4;50.5;55.6;55.4;55.5;55.6;55.4;55.5;30.19;30.18;-0.04;0.0;0.0
IBLUMENA15;America/Sao_Paulo;2020-07-04T12:49:46Z;2020-07-04 09:49:46;1593866986;-26.80653;-49.092304;54.2;0.0;138;83.0;82.0;82.2;-1;55.9;55.6;2.5;0.0;0.9;3.4;0.0;1.3;50.9;50.2;50.5;55.9;55.6;55.8;55.9;55.6;55.8;30.19;30.18;0.12;0.0;0.0
IBLUMENA15;America/Sao_Paulo;2020-07-04T12:54:50Z;2020-07-04 09:54:50;1593867290;-26.80653;-49.092304;53.7;0.0;135;82.0;80.0;81.1;-1;56.7;55.9;2.5;0.2;1.1;3.4;1.1;1.8;50.9;50.4;50.7;56.7;55.9;56.5;56.7;55.9;56.5;30.19;30.18;-0.11;0.0;0.0
IBLUMENA15;America/Sao_Paulo;2020-07-04T12:59:54Z;2020-07-04 09:59:54;1593867594;-26.80653;-49.092304;54.6;0.0;142;81.0;80.0;80.5;-1;56.3;56.1;2.9;0.4;1.6;3.4;1.1;1.9;50.5;50.0;50.2;56.3;56.1;56.1;56.3;56.1;56.1;30.18;30.18;-0.08;0.0;0.0
IBLUMENA15;America/Sao_Paulo;2020-07-04T13:04:58Z;2020-07-04 10:04:58;1593867898;-26.80653;-49.092304;74.1;0.0;140;81.0;79.0;79.8;-1;56.8;56.1;2.5;0.2;1.4;3.4;1.1;1.8;50.5;50.0;50.3;56.8;56.1;56.5;56.8;56.1;56.5;30.18;30.18;0.04;0.0;0.0
IBLUMENA15;America/Sao_Paulo;2020-07-04T13:09:46Z;2020-07-04 10:09:46;1593868186;-26.80653;-49.092304;59.8;0.0;135;80.0;78.0;78.9;-1;57.9;56.8;1.1;0.0;0.5;1.1;0.0;0.8;51.6;50.4;50.9;57.9;56.8;57.4;57.9;56.8;57.4;30.18;30.18;0.0;0.0;0.0
IBLUMENA15;America/Sao_Paulo;2020-07-04T13:14:50Z;2020-07-04 10:14:50;1593868490;-26.80653;-49.092304;56.3;0.0;123;78.0;76.0;77.1;-1;58.6;57.9;2.2;0.0;0.7;2.2;0.0;0.9;51.8;51.1;51.3;58.6;57.9;58.5;58.6;57.9;58.5;30.18;30.18;-0.04;0.0;0.0
IBLUMENA15;America/Sao_Paulo;2020-07-04T13:19:54Z;2020-07-04 10:19:54;1593868794;-26.80653;-49.092304;66.3;0.0;131;79.0;75.0;76.8;-1;58.8;58.3;2.2;0.0;0.8;3.4;0.0;1.2;51.8;50.5;51.3;58.8;58.3;58.6;58.8;58.3;58.6;30.18;30.17;-0.06;0.0;0.0
IBLUMENA15;America/Sao_Paulo;2020-07-04T13:24:58Z;2020-07-04 10:24:58;1593869098;-26.80653;-49.092304;125.8;1.0;137;77.0;73.0;75.3;-1;59.2;58.8;2.2;0.0;0.6;3.4;0.0;1.2;51.6;50.5;51.1;59.2;58.8;58.9;59.2;58.8;58.9;30.18;30.17;0.04;0.0;0.0
IBLUMENA15;America/Sao_Paulo;2020-07-04T13:29:46Z;2020-07-04 10:29:46;1593869386;-26.80653;-49.092304;108.9;1.0;208;75.0;72.0;73.0;-1;59.9;59.2;4.0;0.2;1.9;4.5;1.1;2.4;52.0;50.5;51.0;59.9;59.2;59.7;59.9;59.2;59.7;30.18;30.17;0.03;0.0;0.0
IBLUMENA15;America/Sao_Paulo;2020-07-04T13:34:50Z;2020-07-04 10:34:50;1593869690;-26.80653;-49.092304;227.3;2.0;163;74.0;72.0;73.0;-1;59.7;59.2;3.1;0.0;1.5;3.4;0.0;2.0;51.1;50.2;50.6;59.7;59.2;59.3;59.7;59.2;59.3;30.18;30.17;-0.1;0.0;0.0
IBLUMENA15;America/Sao_Paulo;2020-07-04T13:39:54Z;2020-07-04 10:39:54;1593869994;-26.80653;-49.092304;308.4;3.0;192;72.0;69.0;70.5;-1;60.4;59.4;4.3;0.0;1.5;5.8;0.0;2.1;51.1;49.8;50.5;60.4;59.4;60.1;60.4;59.4;60.1;30.17;30.17;0.04;0.0;0.0
IBLUMENA15;America/Sao_Paulo;2020-07-04T13:44:58Z;2020-07-04 10:44:58;1593870298;-26.80653;-49.092304;260.2;2.0;262;71.0;69.0;70.2;-1;60.1;59.7;5.4;0.9;2.6;6.9;1.1;3.5;50.7;49.8;50.2;60.1;59.7;59.9;60.1;59.7;59.9;30.17;30.16;-0.15;0.0;0.0
IBLUMENA15;America/Sao_Paulo;2020-07-04T13:49:46Z;2020-07-04 10:49:46;1593870586;-26.80653;-49.092304;71.6;0.0;232;71.0;70.0;70.7;-1;59.7;59.4;3.4;0.7;2.2;4.5;1.1;3.2;50.4;49.6;50.1;59.7;59.4;59.5;59.7;59.4;59.5;30.17;30.16;-0.04;0.0;0.0
IBLUMENA15;America/Sao_Paulo;2020-07-04T13:54:50Z;2020-07-04 10:54:50;1593870890;-26.80653;-49.092304;155.2;1.0;224;71.0;70.0;71.0;-1;60.1;59.7;4.7;1.3;2.9;5.8;2.2;3.9;50.7;50.0;50.5;60.1;59.7;59.8;60.1;59.7;59.8;30.17;30.15;0.04;0.0;0.0
IBLUMENA15;America/Sao_Paulo;2020-07-04T13:59:54Z;2020-07-04 10:59:54;1593871194;-26.80653;-49.092304;246.4;2.0;197;72.0;69.0;70.7;-1;61.0;60.1;3.4;0.0;1.1;4.5;0.0;1.6;51.1;50.4;50.8;61.0;60.1;60.3;61.0;60.1;60.3;30.16;30.15;-0.11;0.0;0.0
IBLUMENA15;America/Sao_Paulo;2020-07-04T14:04:58Z;2020-07-04 11:04:58;1593871498;-26.80653;-49.092304;364.8;3.0;175;70.0;68.0;69.2;-1;61.2;60.8;3.1;0.0;1.8;3.4;0.0;2.3;51.4;50.5;50.9;61.2;60.8;61.1;61.2;60.8;61.1;30.15;30.15;-0.04;0.0;0.0
IBLUMENA15;America/Sao_Paulo;2020-07-04T14:09:46Z;2020-07-04 11:09:46;1593871786;-26.80653;-49.092304;111.8;1.0;152;71.0;69.0;69.7;-1;60.8;60.4;3.4;0.0;1.1;4.5;0.0;1.7;51.1;50.2;50.6;60.8;60.4;60.5;60.8;60.4;60.5;30.15;30.14;-0.08;0.0;0.0
IBLUMENA15;America/Sao_Paulo;2020-07-04T14:14:50Z;2020-07-04 11:14:50;1593872090;-26.80653;-49.092304;103.6;1.0;171;69.0;68.0;68.3;-1;61.3;60.6;2.2;0.0;1.0;3.4;0.0;1.8;51.1;50.0;50.7;61.3;60.6;61.2;61.3;60.6;61.2;30.15;30.14;0.0;0.0;0.0
IBLUMENA15;America/Sao_Paulo;2020-07-04T14:19:54Z;2020-07-04 11:19:54;1593872394;-26.80653;-49.092304;129.2;1.0;178;69.0;68.0;68.2;-1;61.3;61.0;2.9;0.9;1.8;3.4;1.1;2.2;51.1;50.4;50.7;61.3;61.0;61.2;61.3;61.0;61.2;30.15;30.14;0.04;0.0;0.0
IBLUMENA15;America/Sao_Paulo;2020-07-04T14:24:58Z;2020-07-04 11:24:58;1593872698;-26.80653;-49.092304;392.6;3.0;143;69.0;67.0;68.0;-1;61.7;60.8;2.7;0.0;1.0;4.5;0.0;1.5;51.4;49.8;50.6;61.7;60.8;61.2;61.7;60.8;61.2;30.15;30.14;-0.04;0.0;0.0
IBLUMENA15;America/Sao_Paulo;2020-07-04T14:29:46Z;2020-07-04 11:29:46;1593872986;-26.80653;-49.092304;419.0;4.0;163;68.0;66.0;67.5;-1;62.4;61.7;3.4;0.2;1.7;5.8;1.1;2.3;51.8;50.7;51.2;62.4;61.7;62.0;62.4;61.7;62.0;30.14;30.14;0.0;0.0;0.0
IBLUMENA15;America/Sao_Paulo;2020-07-04T14:34:50Z;2020-07-04 11:34:50;1593873290;-26.80653;-49.092304;426.8;4.0;232;68.0;65.0;66.3;-1;62.8;62.6;4.9;0.0;2.2;5.8;0.0;2.8;52.0;50.9;51.3;62.8;62.6;62.7;62.8;62.6;62.7;30.14;30.14;-0.04;0.0;0.0
IBLUMENA15;America/Sao_Paulo;2020-07-04T14:44:58Z;2020-07-04 11:44:58;1593873898;-26.80653;-49.092304;409.9;4.0;205;66.0;63.0;64.5;-1;64.2;63.9;3.8;0.7;2.0;4.5;1.1;2.7;52.5;51.4;51.9;64.2;63.9;64.1;64.2;63.9;64.1;30.15;30.14;-0.08;0.0;0.0
IBLUMENA15;America/Sao_Paulo;2020-07-04T14:49:46Z;2020-07-04 11:49:46;1593874186;-26.80653;-49.092304;441.5;4.0;200;66.0;64.0;65.1;-1;63.9;63.0;3.8;0.0;1.8;4.5;0.0;2.5;52.0;50.5;51.3;63.9;63.0;63.2;63.9;63.0;63.2;30.14;30.13;-0.04;0.0;0.0
IBLUMENA15;America/Sao_Paulo;2020-07-04T14:54:50Z;2020-07-04 11:54:50;1593874490;-26.80653;-49.092304;447.6;4.0;244;67.0;63.0;64.5;-1;64.2;63.3;6.0;0.0;2.7;6.9;0.0;3.6;52.3;50.9;51.6;64.2;63.3;63.7;64.2;63.3;63.7;30.14;30.13;0.0;0.0;0.0
IBLUMENA15;America/Sao_Paulo;2020-07-04T14:59:54Z;2020-07-04 11:59:54;1593874794;-26.80653;-49.092304;440.7;4.0;249;66.0;64.0;64.5;-1;64.2;63.5;4.0;0.7;2.7;5.8;1.1;3.7;52.0;51.1;51.6;64.2;63.5;63.7;64.2;63.5;63.7;30.14;30.12;-0.08;0.0;0.0
IBLUMENA15;America/Sao_Paulo;2020-07-04T15:04:58Z;2020-07-04 12:04:58;1593875098;-26.80653;-49.092304;425.5;4.0;229;65.0;63.0;64.1;-1;64.0;63.3;4.5;0.4;2.5;5.8;1.1;3.3;51.6;50.9;51.3;64.0;63.3;63.6;64.0;63.3;63.6;30.13;30.12;-0.08;0.0;0.0
IBLUMENA15;America/Sao_Paulo;2020-07-04T15:09:46Z;2020-07-04 12:09:46;1593875386;-26.80653;-49.092304;448.5;4.0;204;65.0;63.0;63.7;-1;64.0;63.7;4.5;0.2;2.1;5.8;1.1;3.0;51.8;50.9;51.3;64.0;63.7;63.8;64.0;63.7;63.8;30.12;30.12;0.0;0.0;0.0
IBLUMENA15;America/Sao_Paulo;2020-07-04T15:14:50Z;2020-07-04 12:14:50;1593875690;-26.80653;-49.092304;456.8;4.0;211;64.0;63.0;63.4;-1;64.2;64.0;5.1;1.1;2.9;5.8;2.2;3.6;51.8;51.3;51.4;64.2;64.0;64.0;64.2;64.0;64.0;30.13;30.12;0.0;0.0;0.0
IBLUMENA15;America/Sao_Paulo;2020-07-04T15:19:54Z;2020-07-04 12:19:54;1593875994;-26.80653;-49.092304;455.8;4.0;205;64.0;63.0;63.7;-1;64.0;63.7;6.7;0.7;3.4;8.1;1.1;4.2;51.6;51.1;51.3;64.0;63.7;63.9;64.0;63.7;63.9;30.12;30.11;0.0;0.0;0.0
IBLUMENA15;America/Sao_Paulo;2020-07-04T15:24:58Z;2020-07-04 12:24:58;1593876298;-26.80653;-49.092304;444.6;4.0;212;65.0;63.0;63.8;-1;63.9;63.3;6.3;0.7;2.8;8.1;1.1;3.6;51.4;50.5;51.0;63.9;63.3;63.5;63.9;63.3;63.5;30.12;30.11;-0.1;0.0;0.0
IBLUMENA15;America/Sao_Paulo;2020-07-04T15:29:46Z;2020-07-04 12:29:46;1593876586;-26.80653;-49.092304;431.6;4.0;229;64.0;63.0;63.4;-1;64.4;63.9;4.9;0.7;2.4;5.8;1.1;3.2;51.8;51.3;51.5;64.4;63.9;64.1;64.4;63.9;64.1;30.12;30.11;0.0;0.0;0.0
IBLUMENA15;America/Sao_Paulo;2020-07-04T15:34:50Z;2020-07-04 12:34:50;1593876890;-26.80653;-49.092304;431.1;4.0;206;63.0;62.0;62.8;-1;64.6;64.4;3.8;0.7;2.3;4.5;1.1;2.9;51.8;51.1;51.6;64.6;64.4;64.5;64.6;64.4;64.5;30.12;30.11;-0.04;0.0;0.0
IBLUMENA15;America/Sao_Paulo;2020-07-04T15:39:54Z;2020-07-04 12:39:54;1593877194;-26.80653;-49.092304;424.6;4.0;198;64.0;61.0;62.5;-1;65.3;64.4;3.8;0.0;1.5;5.8;0.0;2.0;52.2;51.1;51.6;65.3;64.4;64.6;65.3;64.4;64.6;30.11;30.1;-0.04;0.0;0.0
IBLUMENA15;America/Sao_Paulo;2020-07-04T15:44:58Z;2020-07-04 12:44:58;1593877498;-26.80653;-49.092304;426.8;4.0;212;63.0;61.0;62.0;-1;65.7;64.8;4.0;1.3;2.5;5.8;2.2;3.3;52.3;51.4;51.8;65.7;64.8;65.2;65.7;64.8;65.2;30.11;30.1;-0.08;0.0;0.0
IBLUMENA15;America/Sao_Paulo;2020-07-04T15:49:46Z;2020-07-04 12:49:46;1593877786;-26.80653;-49.092304;426.3;4.0;206;62.0;61.0;61.7;-1;65.5;64.8;4.9;1.1;3.0;5.8;1.1;3.8;52.2;51.1;51.8;65.5;64.8;65.2;65.5;64.8;65.2;30.11;30.1;0.0;0.0;0.0
IBLUMENA15;America/Sao_Paulo;2020-07-04T15:54:50Z;2020-07-04 12:54:50;1593878090;-26.80653;-49.092304;432.9;4.0;207;63.0;60.0;61.5;-1;65.5;64.8;4.5;0.4;1.8;5.8;1.1;2.4;52.3;51.1;51.6;65.5;64.8;65.2;65.5;64.8;65.2;30.11;30.1;0.08;0.0;0.0
IBLUMENA15;America/Sao_Paulo;2020-07-04T15:59:54Z;2020-07-04 12:59:54;1593878394;-26.80653;-49.092304;429.0;4.0;206;62.0;61.0;61.4;-1;66.0;65.5;4.0;1.3;2.5;4.5;2.2;3.1;52.7;51.6;52.2;66.0;65.5;65.8;66.0;65.5;65.8;30.11;30.1;-0.11;0.0;0.0
IBLUMENA15;America/Sao_Paulo;2020-07-04T16:04:58Z;2020-07-04 13:04:58;1593878698;-26.80653;-49.092304;464.5;4.0;182;61.0;60.0;60.5;-1;66.0;65.7;2.7;0.7;1.7;3.4;1.1;2.5;52.2;51.4;51.8;66.0;65.7;65.8;66.0;65.7;65.8;30.1;30.1;0.0;0.0;0.0
IBLUMENA15;America/Sao_Paulo;2020-07-04T16:09:46Z;2020-07-04 13:09:46;1593878986;-26.80653;-49.092304;493.6;4.0;191;61.0;60.0;60.8;-1;66.0;65.8;4.0;0.2;1.8;4.5;1.1;2.5;52.2;51.6;51.9;66.0;65.8;65.8;66.0;65.8;65.8;30.1;30.1;0.0;0.0;0.0
IBLUMENA15;America/Sao_Paulo;2020-07-04T16:14:50Z;2020-07-04 13:14:50;1593879290;-26.80653;-49.092304;495.0;4.0;186;61.0;59.0;60.4;-1;66.4;65.8;4.3;0.2;2.2;5.8;1.1;3.2;52.3;51.4;52.0;66.4;65.8;66.1;66.4;65.8;66.1;30.1;30.09;-0.11;0.0;0.0
IBLUMENA15;America/Sao_Paulo;2020-07-04T16:19:54Z;2020-07-04 13:19:54;1593879594;-26.80653;-49.092304;482.7;4.0;241;62.0;60.0;60.8;-1;66.4;65.8;5.4;1.3;3.1;5.8;2.2;3.8;52.9;51.6;52.1;66.4;65.8;66.0;66.4;65.8;66.0;30.1;30.09;-0.04;0.0;0.0
IBLUMENA15;America/Sao_Paulo;2020-07-04T16:24:58Z;2020-07-04 13:24:58;1593879898;-26.80653;-49.092304;445.9;4.0;216;62.0;61.0;61.5;-1;65.8;65.7;5.8;0.7;3.7;6.9;1.1;4.6;52.3;51.8;52.1;65.8;65.7;65.7;65.8;65.7;65.7;30.09;30.08;0.0;0.0;0.0
IBLUMENA15;America/Sao_Paulo;2020-07-04T16:29:46Z;2020-07-04 13:29:46;1593880186;-26.80653;-49.092304;440.7;4.0;189;62.0;59.0;60.3;-1;66.6;65.7;4.7;0.2;1.6;5.8;1.1;2.5;53.1;51.6;52.2;66.6;65.7;66.3;66.6;65.7;66.3;30.09;30.08;-0.08;0.0;0.0
IBLUMENA15;America/Sao_Paulo;2020-07-04T16:34:50Z;2020-07-04 13:34:50;1593880490;-26.80653;-49.092304;429.9;4.0;170;61.0;59.0;60.1;-1;66.7;66.0;5.8;0.2;3.1;8.1;1.1;4.5;52.9;52.0;52.4;66.7;66.0;66.6;66.7;66.0;66.6;30.09;30.08;0.04;0.0;0.0
IBLUMENA15;America/Sao_Paulo;2020-07-04T16:39:54Z;2020-07-04 13:39:54;1593880794;-26.80653;-49.092304;408.6;3.0;187;61.0;60.0;60.5;-1;66.4;66.0;4.9;1.3;2.8;5.8;2.2;3.5;52.5;52.0;52.2;66.4;66.0;66.3;66.4;66.0;66.3;30.08;30.08;-0.04;0.0;0.0
IBLUMENA15;America/Sao_Paulo;2020-07-04T16:44:58Z;2020-07-04 13:44:58;1593881098;-26.80653;-49.092304;421.2;4.0;172;60.0;59.0;60.0;-1;67.1;66.2;6.0;0.7;2.6;6.9;1.1;3.5;52.9;52.0;52.2;67.1;66.2;66.4;67.1;66.2;66.4;30.08;30.07;-0.08;0.0;0.0
IBLUMENA15;America/Sao_Paulo;2020-07-04T16:49:46Z;2020-07-04 13:49:46;1593881386;-26.80653;-49.092304;420.7;4.0;189;61.0;59.0;60.2;-1;67.1;66.2;5.8;1.1;2.9;6.9;2.2;3.8;53.2;51.6;52.4;67.1;66.2;66.5;67.1;66.2;66.5;30.08;30.07;0.0;0.0;0.0
IBLUMENA15;America/Sao_Paulo;2020-07-04T16:54:50Z;2020-07-04 13:54:50;1593881690;-26.80653;-49.092304;390.9;3.0;175;61.0;60.0;60.2;-1;66.4;66.2;4.0;0.7;2.9;5.8;1.1;3.9;52.5;52.0;52.2;66.4;66.2;66.3;66.4;66.2;66.3;30.07;30.07;-0.08;0.0;0.0
IBLUMENA15;America/Sao_Paulo;2020-07-04T16:59:54Z;2020-07-04 13:59:54;1593881994;-26.80653;-49.092304;378.6;3.0;204;61.0;58.0;59.8;-1;67.1;66.2;3.6;0.0;2.0;4.5;0.0;2.6;52.9;51.8;52.2;67.1;66.2;66.5;67.1;66.2;66.5;30.07;30.06;-0.08;0.0;0.0
IBLUMENA15;America/Sao_Paulo;2020-07-04T17:04:58Z;2020-07-04 14:04:58;1593882298;-26.80653;-49.092304;392.6;3.0;179;61.0;59.0;60.0;-1;67.5;66.4;6.3;1.3;3.1;8.1;2.2;4.0;53.4;52.2;52.7;67.5;66.4;67.1;67.5;66.4;67.1;30.07;30.06;0.04;0.0;0.0
IBLUMENA15;America/Sao_Paulo;2020-07-04T17:09:46Z;2020-07-04 14:09:46;1593882586;-26.80653;-49.092304;392.1;3.0;177;61.0;59.0;60.1;-1;66.9;66.4;4.9;1.8;3.1;6.9;2.2;4.1;52.7;51.6;52.4;66.9;66.4;66.6;66.9;66.4;66.6;30.07;30.06;-0.08;0.0;0.0
IBLUMENA15;America/Sao_Paulo;2020-07-04T17:14:50Z;2020-07-04 14:14:50;1593882890;-26.80653;-49.092304;371.8;3.0;205;61.0;59.0;59.5;-1;67.6;66.4;4.0;0.7;1.9;4.5;1.1;2.5;52.9;52.2;52.5;67.6;66.4;66.9;67.6;66.4;66.9;30.06;30.05;-0.08;0.0;0.0
IBLUMENA15;America/Sao_Paulo;2020-07-04T17:19:54Z;2020-07-04 14:19:54;1593883194;-26.80653;-49.092304;345.7;3.0;234;60.0;58.0;59.2;-1;68.0;66.6;6.0;0.7;3.1;6.9;1.1;4.1;53.6;52.3;52.9;68.0;66.6;67.6;68.0;66.6;67.6;30.06;30.05;0.04;0.0;0.0
IBLUMENA15;America/Sao_Paulo;2020-07-04T17:24:58Z;2020-07-04 14:24:58;1593883498;-26.80653;-49.092304;366.0;3.0;184;60.0;60.0;60.0;-1;66.9;66.2;3.6;0.9;1.9;4.5;1.1;2.6;52.7;52.0;52.2;66.9;66.2;66.5;66.9;66.2;66.5;30.06;30.06;0.0;0.0;0.0
IBLUMENA15;America/Sao_Paulo;2020-07-04T17:29:46Z;2020-07-04 14:29:46;1593883786;-26.80653;-49.092304;366.5;3.0;189;60.0;58.0;59.1;-1;67.3;66.9;2.9;0.7;1.9;3.4;1.1;2.4;52.9;52.0;52.5;67.3;66.9;67.2;67.3;66.9;67.2;30.06;30.05;-0.08;0.0;0.0
IBLUMENA15;America/Sao_Paulo;2020-07-04T17:34:50Z;2020-07-04 14:34:50;1593884090;-26.80653;-49.092304;355.3;3.0;183;60.0;58.0;58.9;-1;67.8;67.3;3.4;0.0;1.4;4.5;0.0;1.9;53.1;52.3;52.7;67.8;67.3;67.5;67.8;67.3;67.5;30.06;30.05;0.0;0.0;0.0
IBLUMENA15;America/Sao_Paulo;2020-07-04T17:39:54Z;2020-07-04 14:39:54;1593884394;-26.80653;-49.092304;339.2;3.0;200;60.0;58.0;59.2;-1;67.8;67.3;2.9;1.1;2.0;4.5;1.1;2.7;53.4;52.3;53.0;67.8;67.3;67.6;67.8;67.3;67.6;30.05;30.05;-0.03;0.0;0.0
IBLUMENA15;America/Sao_Paulo;2020-07-04T17:44:58Z;2020-07-04 14:44:58;1593884698;-26.80653;-49.092304;341.3;3.0;208;61.0;59.0;59.8;-1;67.3;66.9;4.0;1.1;2.6;5.8;2.2;3.4;53.4;52.2;52.7;67.3;66.9;67.1;67.3;66.9;67.1;30.05;30.05;0.03;0.0;0.0
IBLUMENA15;America/Sao_Paulo;2020-07-04T17:49:46Z;2020-07-04 14:49:46;1593884986;-26.80653;-49.092304;335.3;3.0;226;61.0;59.0;59.9;-1;67.3;66.4;5.4;1.1;2.9;6.9;1.1;3.6;52.9;52.2;52.6;67.3;66.4;66.9;67.3;66.4;66.9;30.05;30.05;0.04;0.0;0.0
IBLUMENA15;America/Sao_Paulo;2020-07-04T17:54:50Z;2020-07-04 14:54:50;1593885290;-26.80653;-49.092304;315.8;3.0;197;60.0;58.0;59.2;-1;67.5;66.6;3.1;0.9;1.7;3.4;1.1;2.3;52.9;51.8;52.5;67.5;66.6;67.2;67.5;66.6;67.2;30.05;30.05;0.0;0.0;0.0
IBLUMENA15;America/Sao_Paulo;2020-07-04T17:59:54Z;2020-07-04 14:59:54;1593885594;-26.80653;-49.092304;295.8;2.0;221;60.0;59.0;59.1;-1;67.5;67.3;4.0;0.0;2.1;4.5;0.0;2.8;53.1;52.5;52.7;67.5;67.3;67.4;67.5;67.3;67.4;30.05;30.05;-0.06;0.0;0.0
IBLUMENA15;America/Sao_Paulo;2020-07-04T18:04:58Z;2020-07-04 15:04:58;1593885898;-26.80653;-49.092304;283.2;2.0;222;60.0;59.0;59.4;-1;67.5;67.3;4.3;0.9;2.5;5.8;1.1;3.4;52.9;52.5;52.7;67.5;67.3;67.3;67.5;67.3;67.3;30.05;30.04;-0.04;0.0;0.0
IBLUMENA15;America/Sao_Paulo;2020-07-04T18:09:46Z;2020-07-04 15:09:46;1593886186;-26.80653;-49.092304;271.5;2.0;209;60.0;59.0;59.6;-1;67.3;67.1;3.4;1.3;2.4;3.4;2.2;2.8;52.9;52.3;52.7;67.3;67.1;67.1;67.3;67.1;67.1;30.05;30.04;0.04;0.0;0.0
IBLUMENA15;America/Sao_Paulo;2020-07-04T18:14:50Z;2020-07-04 15:14:50;1593886490;-26.80653;-49.092304;257.1;2.0;195;60.0;59.0;59.9;-1;67.1;66.7;4.0;0.2;1.7;4.5;1.1;2.4;52.9;52.3;52.7;67.1;66.7;66.9;67.1;66.7;66.9;30.05;30.04;-0.04;0.0;0.0
IBLUMENA15;America/Sao_Paulo;2020-07-04T18:19:54Z;2020-07-04 15:19:54;1593886794;-26.80653;-49.092304;249.8;2.0;205;60.0;58.0;59.5;-1;67.8;67.3;2.7;0.2;1.6;3.4;1.1;2.1;53.4;52.2;53.1;67.8;67.3;67.7;67.8;67.3;67.7;30.05;30.04;0.0;0.0;0.0
IBLUMENA15;America/Sao_Paulo;2020-07-04T18:24:58Z;2020-07-04 15:24:58;1593887098;-26.80653;-49.092304;242.8;2.0;192;60.0;59.0;59.3;-1;68.0;67.6;3.8;0.7;1.6;4.5;1.1;2.1;53.6;52.9;53.2;68.0;67.6;67.8;68.0;67.6;67.8;30.05;30.04;-0.04;0.0;0.0
IBLUMENA15;America/Sao_Paulo;2020-07-04T18:29:46Z;2020-07-04 15:29:46;1593887386;-26.80653;-49.092304;219.5;2.0;208;60.0;59.0;59.8;-1;68.0;66.9;3.4;1.6;2.4;4.5;2.2;3.1;53.4;52.7;53.0;68.0;66.9;67.4;68.0;66.9;67.4;30.05;30.04;0.0;0.0;0.0
IBLUMENA15;America/Sao_Paulo;2020-07-04T18:34:50Z;2020-07-04 15:34:50;1593887690;-26.80653;-49.092304;216.4;2.0;205;60.0;59.0;59.8;-1;67.3;66.9;3.1;0.9;2.0;3.4;1.1;2.6;52.9;52.3;52.8;67.3;66.9;67.2;67.3;66.9;67.2;30.05;30.04;-0.04;0.0;0.0
IBLUMENA15;America/Sao_Paulo;2020-07-04T18:39:54Z;2020-07-04 15:39:54;1593887994;-26.80653;-49.092304;210.8;2.0;189;60.0;58.0;59.3;-1;68.0;67.1;2.9;0.0;1.2;3.4;0.0;1.7;53.1;52.0;52.6;68.0;67.1;67.3;68.0;67.1;67.3;30.04;30.03;0.04;0.0;0.0
IBLUMENA15;America/Sao_Paulo;2020-07-04T18:44:58Z;2020-07-04 15:44:58;1593888298;-26.80653;-49.092304;195.6;1.0;168;61.0;58.0;59.0;-1;68.7;68.0;1.8;0.2;0.9;2.2;1.1;1.3;54.5;52.7;53.6;68.7;68.0;68.4;68.7;68.0;68.4;30.04;30.03;-0.15;0.0;0.0
IBLUMENA15;America/Sao_Paulo;2020-07-04T18:49:46Z;2020-07-04 15:49:46;1593888586;-26.80653;-49.092304;175.7;1.0;138;60.0;58.0;58.8;-1;68.9;68.4;2.0;0.0;0.7;2.2;0.0;1.0;54.1;53.1;53.6;68.9;68.4;68.5;68.9;68.4;68.5;30.04;30.03;0.08;0.0;0.0
IBLUMENA15;America/Sao_Paulo;2020-07-04T18:54:50Z;2020-07-04 15:54:50;1593888890;-26.80653;-49.092304;174.3;1.0;185;60.0;57.0;58.7;-1;68.9;68.2;2.2;0.0;1.0;2.2;0.0;1.5;54.0;52.9;53.5;68.9;68.2;68.5;68.9;68.2;68.5;30.04;30.03;-0.08;0.0;0.0
IBLUMENA15;America/Sao_Paulo;2020-07-04T18:59:54Z;2020-07-04 15:59:54;1593889194;-26.80653;-49.092304;157.8;1.0;175;59.0;57.0;58.3;-1;68.7;67.8;1.8;0.0;0.8;2.2;0.0;1.1;53.8;52.7;53.2;68.7;67.8;68.4;68.7;67.8;68.4;30.04;30.03;0.11;0.0;0.0
IBLUMENA15;America/Sao_Paulo;2020-07-04T19:04:58Z;2020-07-04 16:04:58;1593889498;-26.80653;-49.092304;137.0;1.0;148;63.0;58.0;60.4;-1;68.5;67.6;1.3;0.0;0.3;2.2;0.0;0.7;54.7;52.5;53.7;68.5;67.6;67.8;68.5;67.6;67.8;30.04;30.03;-0.08;0.0;0.0
IBLUMENA15;America/Sao_Paulo;2020-07-04T19:09:46Z;2020-07-04 16:09:46;1593889786;-26.80653;-49.092304;134.8;1.0;162;62.0;58.0;60.7;-1;68.7;67.8;1.1;0.0;0.6;1.1;0.0;0.9;55.2;53.4;54.3;68.7;67.8;68.4;68.7;67.8;68.4;30.03;30.03;0.0;0.0;0.0
IBLUMENA15;America/Sao_Paulo;2020-07-04T19:14:50Z;2020-07-04 16:14:50;1593890090;-26.80653;-49.092304;125.3;1.0;193;62.0;59.0;60.1;-1;68.0;67.6;2.5;0.0;1.1;3.4;0.0;1.6;54.5;53.1;53.5;68.0;67.6;67.8;68.0;67.6;67.8;30.04;30.03;0.0;0.0;0.0
IBLUMENA15;America/Sao_Paulo;2020-07-04T19:24:58Z;2020-07-04 16:24:58;1593890698;-26.80653;-49.092304;116.2;1.0;167;62.0;59.0;60.3;-1;68.4;67.5;1.1;0.0;0.3;1.1;0.0;0.7;54.5;53.1;53.8;68.4;67.5;68.1;68.4;67.5;68.1;30.03;30.02;-0.11;0.0;0.0
IBLUMENA15;America/Sao_Paulo;2020-07-04T19:29:46Z;2020-07-04 16:29:46;1593890986;-26.80653;-49.092304;95.4;0.0;168;63.0;60.0;61.9;-1;67.5;66.2;1.1;0.0;0.5;1.1;0.0;0.8;53.8;52.9;53.3;67.5;66.2;66.8;67.5;66.2;66.8;30.03;30.02;0.04;0.0;0.0
IBLUMENA15;America/Sao_Paulo;2020-07-04T19:34:50Z;2020-07-04 16:34:50;1593891290;-26.80653;-49.092304;40.7;0.0;167;66.0;63.0;64.1;-1;66.0;65.3;0.9;0.0;0.3;1.1;0.0;0.6;54.0;52.5;53.1;66.0;65.3;65.6;66.0;65.3;65.6;30.03;30.02;0.0;0.0;0.0
IBLUMENA15;America/Sao_Paulo;2020-07-04T19:39:54Z;2020-07-04 16:39:54;1593891594;-26.80653;-49.092304;34.6;0.0;167;67.0;64.0;65.5;-1;65.3;64.8;1.1;0.0;0.4;1.1;0.0;0.7;53.8;52.9;53.2;65.3;64.8;65.0;65.3;64.8;65.0;30.03;30.02;-0.04;0.0;0.0
IBLUMENA15;America/Sao_Paulo;2020-07-04T19:44:58Z;2020-07-04 16:44:58;1593891898;-26.80653;-49.092304;32.1;0.0;167;70.0;66.0;68.1;-1;64.8;64.2;0.4;0.0;0.1;1.1;0.0;0.6;54.3;53.2;53.8;64.8;64.2;64.5;64.8;64.2;64.5;30.03;30.02;-0.04;0.0;0.0
IBLUMENA15;America/Sao_Paulo;2020-07-04T19:49:46Z;2020-07-04 16:49:46;1593892186;-26.80653;-49.092304;29.9;0.0;167;70.0;69.0;69.8;-1;64.0;63.9;0.9;0.0;0.1;1.1;0.0;0.2;54.1;53.6;53.9;64.0;63.9;63.9;64.0;63.9;63.9;30.03;30.02;0.08;0.0;0.0
IBLUMENA15;America/Sao_Paulo;2020-07-04T19:54:50Z;2020-07-04 16:54:50;1593892490;-26.80653;-49.092304;28.1;0.0;182;71.0;70.0;70.8;-1;63.9;63.7;2.2;0.0;0.9;2.2;0.0;1.4;54.3;53.8;54.1;63.9;63.7;63.8;63.9;63.7;63.8;30.04;30.03;0.04;0.0;0.0
IBLUMENA15;America/Sao_Paulo;2020-07-04T19:59:54Z;2020-07-04 16:59:54;1593892794;-26.80653;-49.092304;25.6;0.0;176;73.0;71.0;71.8;-1;63.7;63.1;1.3;0.2;0.9;2.2;1.1;1.4;54.5;54.0;54.3;63.7;63.1;63.5;63.7;63.1;63.5;30.03;30.03;0.0;0.0;0.0
IBLUMENA15;America/Sao_Paulo;2020-07-04T20:04:58Z;2020-07-04 17:04:58;1593893098;-26.80653;-49.092304;22.0;0.0;179;73.0;72.0;72.4;-1;63.1;63.0;1.3;0.0;1.0;2.2;0.0;1.2;54.3;53.8;54.0;63.1;63.0;63.0;63.1;63.0;63.0;30.03;30.03;0.04;0.0;0.0
IBLUMENA15;America/Sao_Paulo;2020-07-04T20:09:46Z;2020-07-04 17:09:46;1593893386;-26.80653;-49.092304;19.1;0.0;177;76.0;73.0;74.6;-1;63.0;62.2;1.1;0.0;0.6;1.1;0.0;0.7;54.7;54.0;54.4;63.0;62.2;62.6;63.0;62.2;62.6;30.03;30.02;-0.16;0.0;0.0
IBLUMENA15;America/Sao_Paulo;2020-07-04T20:14:50Z;2020-07-04 17:14:50;1593893690;-26.80653;-49.092304;16.9;0.0;158;78.0;76.0;77.0;-1;62.2;61.7;0.0;0.0;0.0;0.0;0.0;0.0;55.0;54.3;54.7;62.2;61.7;62.0;62.2;61.7;62.0;30.03;30.02;0.11;0.0;0.0
IBLUMENA15;America/Sao_Paulo;2020-07-04T20:19:54Z;2020-07-04 17:19:54;1593893994;-26.80653;-49.092304;13.8;0.0;164;79.0;78.0;78.9;-1;61.7;61.3;1.1;0.0;0.5;1.1;0.0;0.8;55.2;54.9;55.0;61.7;61.3;61.4;61.7;61.3;61.4;30.03;30.02;0.0;0.0;0.0
IBLUMENA15;America/Sao_Paulo;2020-07-04T20:24:42Z;2020-07-04 17:24:42;1593894282;-26.80653;-49.092304;10.8;0.0;150;83.0;79.0;80.5;-1;61.3;60.8;0.4;0.0;0.1;1.1;0.0;0.1;55.6;54.7;55.0;61.3;60.8;61.0;61.3;60.8;61.0;30.03;30.03;-0.04;0.0;0.0
IBLUMENA15;America/Sao_Paulo;2020-07-04T20:29:46Z;2020-07-04 17:29:46;1593894586;-26.80653;-49.092304;7.7;0.0;139;87.0;83.0;84.9;-1;60.8;59.7;1.1;0.0;0.7;1.1;0.0;1.0;56.1;55.6;55.9;60.8;59.7;60.4;60.8;59.7;60.4;30.03;30.02;-0.08;0.0;0.0
IBLUMENA15;America/Sao_Paulo;2020-07-04T20:34:50Z;2020-07-04 17:34:50;1593894890;-26.80653;-49.092304;4.8;0.0;136;87.0;87.0;87.0;-1;59.7;58.8;0.0;0.0;0.0;0.0;0.0;0.0;55.9;55.0;55.3;59.7;58.8;59.1;59.7;58.8;59.1;30.03;30.02;0.04;0.0;0.0
IBLUMENA15;America/Sao_Paulo;2020-07-04T20:39:54Z;2020-07-04 17:39:54;1593895194;-26.80653;-49.092304;2.6;0.0;136;87.0;86.0;86.5;-1;58.6;58.6;0.0;0.0;0.0;0.0;0.0;0.0;54.9;54.5;54.7;58.6;58.6;58.6;58.6;58.6;58.6;30.03;30.02;0.04;0.0;0.0
IBLUMENA15;America/Sao_Paulo;2020-07-04T20:44:58Z;2020-07-04 17:44:58;1593895498;-26.80653;-49.092304;0.9;0.0;136;89.0;87.0;87.9;-1;58.6;58.5;0.0;0.0;0.0;0.0;0.0;0.0;55.2;54.9;55.0;58.6;58.5;58.6;58.6;58.5;58.6;30.03;30.02;0.08;0.0;0.0
IBLUMENA15;America/Sao_Paulo;2020-07-04T20:54:50Z;2020-07-04 17:54:50;1593896090;-26.80653;-49.092304;0.0;0.0;140;89.0;89.0;89.0;-1;57.9;57.4;0.0;0.0;0.0;0.0;0.0;0.0;54.7;54.1;54.5;57.9;57.4;57.7;57.9;57.4;57.7;30.03;30.03;-0.08;0.0;0.0
IBLUMENA15;America/Sao_Paulo;2020-07-04T20:59:54Z;2020-07-04 17:59:54;1593896394;-26.80653;-49.092304;0.0;0.0;140;89.0;89.0;89.0;-1;57.4;57.2;0.2;0.0;0.0;1.1;0.0;0.0;54.1;54.0;54.1;57.4;57.2;57.3;57.4;57.2;57.3;30.04;30.03;0.15;0.0;0.0
IBLUMENA15;America/Sao_Paulo;2020-07-04T21:04:58Z;2020-07-04 18:04:58;1593896698;-26.80653;-49.092304;0.0;0.0;140;91.0;89.0;89.5;-1;57.4;57.0;0.0;0.0;0.0;0.0;0.0;0.0;54.5;54.0;54.2;57.4;57.0;57.3;57.4;57.0;57.3;30.04;30.03;-0.08;0.0;0.0
IBLUMENA15;America/Sao_Paulo;2020-07-04T21:09:46Z;2020-07-04 18:09:46;1593896986;-26.80653;-49.092304;0.0;0.0;140;91.0;91.0;91.0;-1;57.0;56.5;0.2;0.0;0.0;1.1;0.0;0.0;54.5;54.0;54.2;57.0;56.5;56.8;57.0;56.5;56.8;30.04;30.03;0.12;0.0;0.0
IBLUMENA15;America/Sao_Paulo;2020-07-04T21:14:50Z;2020-07-04 18:14:50;1593897290;-26.80653;-49.092304;0.0;0.0;140;92.0;91.0;91.5;-1;56.5;56.1;0.0;0.0;0.0;0.0;0.0;0.0;54.1;54.0;54.1;56.5;56.1;56.4;56.5;56.1;56.4;30.05;30.04;0.04;0.0;0.0
IBLUMENA15;America/Sao_Paulo;2020-07-04T21:19:54Z;2020-07-04 18:19:54;1593897594;-26.80653;-49.092304;0.0;0.0;140;93.0;92.0;93.0;-1;56.1;55.8;1.1;0.0;0.3;1.1;0.0;0.6;54.1;53.8;54.0;56.1;55.8;56.0;56.1;55.8;56.0;30.05;30.04;-0.08;0.0;0.0
IBLUMENA15;America/Sao_Paulo;2020-07-04T21:24:58Z;2020-07-04 18:24:58;1593897898;-26.80653;-49.092304;0.0;0.0;139;94.0;93.0;93.3;-1;55.8;55.4;1.1;0.0;0.3;1.1;0.0;0.4;53.8;53.4;53.6;55.8;55.4;55.6;55.8;55.4;55.6;30.05;30.04;0.11;0.0;0.0
IBLUMENA15;America/Sao_Paulo;2020-07-04T21:29:46Z;2020-07-04 18:29:46;1593898186;-26.80653;-49.092304;0.0;0.0;137;94.0;93.0;93.7;-1;55.4;55.2;1.1;0.0;0.8;1.1;0.0;1.1;53.6;53.4;53.5;55.4;55.2;55.4;55.4;55.2;55.4;30.05;30.04;-0.12;0.0;0.0
IBLUMENA15;America/Sao_Paulo;2020-07-04T21:34:50Z;2020-07-04 18:34:50;1593898490;-26.80653;-49.092304;0.0;0.0;136;94.0;94.0;94.0;-1;55.2;54.9;0.7;0.0;0.2;1.1;0.0;0.7;53.4;53.1;53.1;55.2;54.9;54.9;55.2;54.9;54.9;30.05;30.04;0.04;0.0;0.0
IBLUMENA15;America/Sao_Paulo;2020-07-04T21:39:54Z;2020-07-04 18:39:54;1593898794;-26.80653;-49.092304;0.0;0.0;137;94.0;94.0;94.0;-1;55.0;54.9;0.0;0.0;0.0;0.0;0.0;0.0;53.2;53.1;53.1;55.0;54.9;54.9;55.0;54.9;54.9;30.05;30.04;-0.04;0.0;0.0
IBLUMENA15;America/Sao_Paulo;2020-07-04T21:44:58Z;2020-07-04 18:44:58;1593899098;-26.80653;-49.092304;0.0;0.0;136;94.0;94.0;94.0;-1;55.0;54.9;1.1;0.0;0.1;1.1;0.0;0.2;53.2;53.1;53.2;55.0;54.9;55.0;55.0;54.9;55.0;30.05;30.04;0.11;0.0;0.0
IBLUMENA15;America/Sao_Paulo;2020-07-04T21:49:46Z;2020-07-04 18:49:46;1593899386;-26.80653;-49.092304;0.0;0.0;135;94.0;94.0;94.0;-1;54.9;54.9;1.1;0.0;0.5;1.1;0.0;0.9;53.1;53.1;53.1;54.9;54.9;54.9;54.9;54.9;54.9;30.05;30.05;0.0;0.0;0.0
IBLUMENA15;America/Sao_Paulo;2020-07-04T21:54:50Z;2020-07-04 18:54:50;1593899690;-26.80653;-49.092304;0.0;0.0;136;94.0;94.0;94.0;-1;54.9;54.5;0.2;0.0;0.0;1.1;0.0;0.0;53.1;52.7;53.0;54.9;54.5;54.8;54.9;54.5;54.8;30.05;30.05;0.03;0.0;0.0
IBLUMENA15;America/Sao_Paulo;2020-07-04T21:59:54Z;2020-07-04 18:59:54;1593899994;-26.80653;-49.092304;0.0;0.0;136;95.0;94.0;94.6;-1;54.5;54.1;0.2;0.0;0.0;1.1;0.0;0.1;53.1;52.7;52.8;54.5;54.1;54.4;54.5;54.1;54.4;30.05;30.05;0.04;0.0;0.0
IBLUMENA15;America/Sao_Paulo;2020-07-04T22:04:58Z;2020-07-04 19:04:58;1593900298;-26.80653;-49.092304;0.0;0.0;136;95.0;95.0;95.0;-1;54.1;53.8;0.2;0.0;0.0;1.1;0.0;0.2;52.7;52.3;52.6;54.1;53.8;54.0;54.1;53.8;54.0;30.06;30.05;0.04;0.0;0.0
IBLUMENA15;America/Sao_Paulo;2020-07-04T22:09:46Z;2020-07-04 19:09:46;1593900586;-26.80653;-49.092304;0.0;0.0;136;95.0;95.0;95.0;-1;53.8;53.6;0.0;0.0;0.0;0.0;0.0;0.0;52.3;52.2;52.2;53.8;53.6;53.7;53.8;53.6;53.7;30.06;30.05;0.0;0.0;0.0
IBLUMENA15;America/Sao_Paulo;2020-07-04T22:14:50Z;2020-07-04 19:14:50;1593900890;-26.80653;-49.092304;0.0;0.0;136;96.0;95.0;95.9;-1;53.6;53.4;0.2;0.0;0.0;1.1;0.0;0.0;52.5;52.2;52.3;53.6;53.4;53.5;53.6;53.4;53.5;30.06;30.05;0.04;0.0;0.0
IBLUMENA15;America/Sao_Paulo;2020-07-04T22:24:58Z;2020-07-04 19:24:58;1593901498;-26.80653;-49.092304;0.0;0.0;136;96.0;95.0;95.5;-1;53.8;53.6;0.0;0.0;0.0;0.0;0.0;0.0;52.5;52.2;52.4;53.8;53.6;53.6;53.8;53.6;53.6;30.07;30.06;0.04;0.0;0.0
IBLUMENA15;America/Sao_Paulo;2020-07-04T22:29:46Z;2020-07-04 19:29:46;1593901786;-26.80653;-49.092304;0.0;0.0;136;96.0;96.0;96.0;-1;53.8;53.6;0.0;0.0;0.0;0.0;0.0;0.0;52.7;52.5;52.7;53.8;53.6;53.8;53.8;53.6;53.8;30.07;30.06;0.0;0.0;0.0
IBLUMENA15;America/Sao_Paulo;2020-07-04T22:34:50Z;2020-07-04 19:34:50;1593902090;-26.80653;-49.092304;0.0;0.0;136;96.0;96.0;96.0;-1;54.0;53.6;0.0;0.0;0.0;0.0;0.0;0.0;52.9;52.5;52.7;54.0;53.6;53.8;54.0;53.6;53.8;30.07;30.06;-0.08;0.0;0.0
IBLUMENA15;America/Sao_Paulo;2020-07-04T22:39:54Z;2020-07-04 19:39:54;1593902394;-26.80653;-49.092304;0.0;0.0;136;96.0;96.0;96.0;-1;54.3;54.0;0.0;0.0;0.0;0.0;0.0;0.0;53.2;52.9;53.1;54.3;54.0;54.2;54.3;54.0;54.2;30.07;30.06;0.08;0.0;0.0
IBLUMENA15;America/Sao_Paulo;2020-07-04T22:44:58Z;2020-07-04 19:44:58;1593902698;-26.80653;-49.092304;0.0;0.0;136;96.0;96.0;96.0;-1;54.7;54.3;0.0;0.0;0.0;0.0;0.0;0.0;53.6;53.2;53.5;54.7;54.3;54.6;54.7;54.3;54.6;30.07;30.07;0.04;0.0;0.0
IBLUMENA15;America/Sao_Paulo;2020-07-04T22:49:46Z;2020-07-04 19:49:46;1593902986;-26.80653;-49.092304;0.0;0.0;136;96.0;95.0;95.2;-1;54.9;54.7;0.7;0.0;0.2;1.1;0.0;0.5;53.6;53.4;53.4;54.9;54.7;54.9;54.9;54.7;54.9;30.07;30.07;0.04;0.0;0.0
IBLUMENA15;America/Sao_Paulo;2020-07-04T22:54:50Z;2020-07-04 19:54:50;1593903290;-26.80653;-49.092304;0.0;0.0;136;95.0;95.0;95.0;-1;55.0;54.9;0.9;0.0;0.2;1.1;0.0;0.6;53.6;53.4;53.5;55.0;54.9;54.9;55.0;54.9;54.9;30.07;30.07;-0.04;0.0;0.0
IBLUMENA15;America/Sao_Paulo;2020-07-04T22:59:54Z;2020-07-04 19:59:54;1593903594;-26.80653;-49.092304;0.0;0.0;136;95.0;95.0;95.0;-1;54.9;54.7;0.7;0.0;0.1;1.1;0.0;0.4;53.4;53.2;53.4;54.9;54.7;54.9;54.9;54.7;54.9;30.08;30.07;0.0;0.0;0.0
IBLUMENA15;America/Sao_Paulo;2020-07-04T23:04:58Z;2020-07-04 20:04:58;1593903898;-26.80653;-49.092304;0.0;0.0;136;95.0;95.0;95.0;-1;54.7;54.7;0.2;0.0;0.0;1.1;0.0;0.2;53.2;53.2;53.2;54.7;54.7;54.7;54.7;54.7;54.7;30.08;30.07;0.08;0.0;0.0
IBLUMENA15;America/Sao_Paulo;2020-07-04T23:09:46Z;2020-07-04 20:09:46;1593904186;-26.80653;-49.092304;0.0;0.0;133;95.0;95.0;95.0;-1;54.9;54.7;0.9;0.0;0.5;1.1;0.0;0.7;53.4;53.2;53.3;54.9;54.7;54.8;54.9;54.7;54.8;30.08;30.08;0.0;0.0;0.0
IBLUMENA15;America/Sao_Paulo;2020-07-04T23:14:50Z;2020-07-04 20:14:50;1593904490;-26.80653;-49.092304;0.0;0.0;134;95.0;95.0;95.0;-1;55.0;54.9;0.7;0.0;0.1;1.1;0.0;0.4;53.6;53.4;53.5;55.0;54.9;55.0;55.0;54.9;55.0;30.08;30.07;-0.04;0.0;0.0
IBLUMENA15;America/Sao_Paulo;2020-07-04T23:19:54Z;2020-07-04 20:19:54;1593904794;-26.80653;-49.092304;0.0;0.0;134;95.0;95.0;95.0;-1;55.2;55.0;0.0;0.0;0.0;0.0;0.0;0.0;53.8;53.6;53.6;55.2;55.0;55.0;55.2;55.0;55.0;30.08;30.07;-0.04;0.0;0.0
IBLUMENA15;America/Sao_Paulo;2020-07-04T23:24:58Z;2020-07-04 20:24:58;1593905098;-26.80653;-49.092304;0.0;0.0;135;95.0;95.0;95.0;-1;55.2;55.0;0.0;0.0;0.0;0.0;0.0;0.0;53.8;53.6;53.8;55.2;55.0;55.2;55.2;55.0;55.2;30.08;30.07;0.0;0.0;0.0
IBLUMENA15;America/Sao_Paulo;2020-07-04T23:29:46Z;2020-07-04 20:29:46;1593905386;-26.80653;-49.092304;0.0;0.0;135;95.0;95.0;95.0;-1;55.2;55.0;0.4;0.0;0.0;1.1;0.0;0.1;53.8;53.6;53.7;55.2;55.0;55.1;55.2;55.0;55.1;30.08;30.07;0.0;0.0;0.0
IBLUMENA15;America/Sao_Paulo;2020-07-04T23:34:50Z;2020-07-04 20:34:50;1593905690;-26.80653;-49.092304;0.0;0.0;158;95.0;94.0;94.2;-1;55.8;55.4;1.8;0.0;0.6;2.2;0.0;0.9;54.0;53.6;53.9;55.8;55.4;55.6;55.8;55.4;55.6;30.08;30.07;0.04;0.0;0.0
IBLUMENA15;America/Sao_Paulo;2020-07-04T23:39:54Z;2020-07-04 20:39:54;1593905994;-26.80653;-49.092304;0.0;0.0;157;94.0;94.0;94.0;-1;55.9;55.8;0.2;0.0;0.0;1.1;0.0;0.0;54.1;54.0;54.1;55.9;55.8;55.9;55.9;55.8;55.9;30.08;30.07;0.04;0.0;0.0
IBLUMENA15;America/Sao_Paulo;2020-07-04T23:44:58Z;2020-07-04 20:44:58;1593906298;-26.80653;-49.092304;0.0;0.0;144;95.0;94.0;94.5;-1;55.9;55.8;1.1;0.0;0.8;1.1;0.0;1.1;54.5;54.0;54.2;55.9;55.8;55.8;55.9;55.8;55.8;30.08;30.08;0.0;0.0;0.0
IBLUMENA15;America/Sao_Paulo;2020-07-04T23:49:46Z;2020-07-04 20:49:46;1593906586;-26.80653;-49.092304;0.0;0.0;136;94.0;94.0;94.0;-1;55.8;55.8;0.9;0.0;0.1;1.1;0.0;0.2;54.0;54.0;54.0;55.8;55.8;55.8;55.8;55.8;55.8;30.09;30.07;0.08;0.0;0.0
IBLUMENA15;America/Sao_Paulo;2020-07-04T23:54:50Z;2020-07-04 20:54:50;1593906890;-26.80653;-49.092304;0.0;0.0;139;94.0;94.0;94.0;-1;55.9;55.8;0.0;0.0;0.0;0.0;0.0;0.0;54.1;54.0;54.0;55.9;55.8;55.8;55.9;55.8;55.8;30.09;30.08;0.08;0.0;0.0
IBLUMENA15;America/Sao_Paulo;2020-07-04T23:59:54Z;2020-07-04 20:59:54;1593907194;-26.80653;-49.092304;0.0;0.0;139;94.0;94.0;94.0;-1;56.1;55.9;0.0;0.0;0.0;0.0;0.0;0.0;54.3;54.1;54.2;56.1;55.9;56.0;56.1;55.9;56.0;30.09;30.08;-0.04;0.0;0.0
IBLUMENA15;America/Sao_Paulo;2020-07-05T00:04:58Z;2020-07-04 21:04:58;1593907498;-26.80653;-49.092304;0.0;0.0;137;94.0;94.0;94.0;-1;56.1;55.9;0.7;0.0;0.1;1.1;0.0;0.5;54.3;54.1;54.2;56.1;55.9;56.0;56.1;55.9;56.0;30.09;30.08;0.0;0.0;0.0
IBLUMENA15;America/Sao_Paulo;2020-07-05T00:14:50Z;2020-07-04 21:14:50;1593908090;-26.80653;-49.092304;0.0;0.0;138;94.0;94.0;94.0;-1;55.9;55.8;0.7;0.0;0.2;1.1;0.0;0.4;54.1;54.0;54.1;55.9;55.8;55.9;55.9;55.8;55.9;30.1;30.09;0.08;0.0;0.0
IBLUMENA15;America/Sao_Paulo;2020-07-05T00:19:54Z;2020-07-04 21:19:54;1593908394;-26.80653;-49.092304;0.0;0.0;137;94.0;94.0;94.0;-1;55.9;55.8;0.7;0.0;0.2;1.1;0.0;0.6;54.1;54.0;54.1;55.9;55.8;55.9;55.9;55.8;55.9;30.1;30.08;-0.04;0.0;0.0
IBLUMENA15;America/Sao_Paulo;2020-07-05T00:24:58Z;2020-07-04 21:24:58;1593908698;-26.80653;-49.092304;0.0;0.0;138;94.0;94.0;94.0;-1;55.9;55.8;0.7;0.0;0.1;1.1;0.0;0.3;54.1;54.0;54.1;55.9;55.8;55.9;55.9;55.8;55.9;30.1;30.09;-0.08;0.0;0.0
IBLUMENA15;America/Sao_Paulo;2020-07-05T00:29:46Z;2020-07-04 21:29:46;1593908986;-26.80653;-49.092304;0.0;0.0;138;94.0;94.0;94.0;-1;56.3;55.9;0.7;0.0;0.1;1.1;0.0;0.3;54.5;54.1;54.2;56.3;55.9;56.0;56.3;55.9;56.0;30.1;30.09;0.04;0.0;0.0
IBLUMENA15;America/Sao_Paulo;2020-07-05T00:39:54Z;2020-07-04 21:39:54;1593909594;-26.80653;-49.092304;0.0;0.0;160;93.0;92.0;92.6;-1;56.7;56.5;1.1;0.0;0.6;2.2;0.0;1.0;54.7;54.5;54.5;56.7;56.5;56.6;56.7;56.5;56.6;30.09;30.09;0.0;0.0;0.0
IBLUMENA15;America/Sao_Paulo;2020-07-05T00:44:58Z;2020-07-04 21:44:58;1593909898;-26.80653;-49.092304;0.0;0.0;165;92.0;92.0;92.0;-1;56.8;56.7;1.1;0.0;0.2;1.1;0.0;0.3;54.7;54.5;54.7;56.8;56.7;56.8;56.8;56.7;56.8;30.1;30.09;0.08;0.0;0.0
IBLUMENA15;America/Sao_Paulo;2020-07-05T00:49:46Z;2020-07-04 21:49:46;1593910186;-26.80653;-49.092304;0.0;0.0;165;92.0;91.0;91.9;-1;57.0;57.0;1.1;0.0;0.2;1.1;0.0;0.4;54.9;54.5;54.9;57.0;57.0;57.0;57.0;57.0;57.0;30.1;30.09;-0.04;0.0;0.0
IBLUMENA15;America/Sao_Paulo;2020-07-05T00:54:50Z;2020-07-04 21:54:50;1593910490;-26.80653;-49.092304;0.0;0.0;163;92.0;91.0;91.2;-1;57.0;57.0;0.9;0.0;0.2;1.1;0.0;0.4;54.9;54.5;54.6;57.0;57.0;57.0;57.0;57.0;57.0;30.1;30.09;-0.08;0.0;0.0
IBLUMENA15;America/Sao_Paulo;2020-07-05T00:59:54Z;2020-07-04 21:59:54;1593910794;-26.80653;-49.092304;0.0;0.0;164;92.0;91.0;91.7;-1;57.0;57.0;1.1;0.0;0.3;1.1;0.0;0.6;54.9;54.5;54.8;57.0;57.0;57.0;57.0;57.0;57.0;30.1;30.09;0.04;0.0;0.0
IBLUMENA15;America/Sao_Paulo;2020-07-05T01:04:58Z;2020-07-04 22:04:58;1593911098;-26.80653;-49.092304;0.0;0.0;157;93.0;92.0;92.2;-1;57.0;57.0;0.4;0.0;0.0;1.1;0.0;0.2;55.0;54.9;54.9;57.0;57.0;57.0;57.0;57.0;57.0;30.1;30.09;0.08;0.0;0.0
IBLUMENA15;America/Sao_Paulo;2020-07-05T01:09:46Z;2020-07-04 22:09:46;1593911386;-26.80653;-49.092304;0.0;0.0;152;93.0;93.0;93.0;-1;57.0;56.8;0.0;0.0;0.0;0.0;0.0;0.0;55.0;54.9;54.9;57.0;56.8;56.9;57.0;56.8;56.9;30.1;30.09;-0.04;0.0;0.0
IBLUMENA15;America/Sao_Paulo;2020-07-05T01:14:50Z;2020-07-04 22:14:50;1593911690;-26.80653;-49.092304;0.0;0.0;155;93.0;93.0;93.0;-1;56.8;56.7;1.1;0.0;0.2;1.1;0.0;0.3;54.9;54.7;54.9;56.8;56.7;56.8;56.8;56.7;56.8;30.1;30.09;0.0;0.0;0.0
IBLUMENA15;America/Sao_Paulo;2020-07-05T01:19:54Z;2020-07-04 22:19:54;1593911994;-26.80653;-49.092304;0.0;0.0;145;94.0;93.0;93.4;-1;56.7;56.7;0.9;0.0;0.2;1.1;0.0;0.5;54.9;54.7;54.8;56.7;56.7;56.7;56.7;56.7;56.7;30.1;30.1;0.0;0.0;0.0
IBLUMENA15;America/Sao_Paulo;2020-07-05T01:24:58Z;2020-07-04 22:24:58;1593912298;-26.80653;-49.092304;0.0;0.0;142;94.0;94.0;94.0;-1;56.7;56.7;0.2;0.0;0.1;1.1;0.0;0.4;54.9;54.9;54.9;56.7;56.7;56.7;56.7;56.7;56.7;30.1;30.09;-0.04;0.0;0.0
IBLUMENA15;America/Sao_Paulo;2020-07-05T01:29:46Z;2020-07-04 22:29:46;1593912586;-26.80653;-49.092304;0.0;0.0;143;94.0;94.0;94.0;-1;56.7;56.5;0.0;0.0;0.0;0.0;0.0;0.0;54.9;54.7;54.7;56.7;56.5;56.5;56.7;56.5;56.5;30.1;30.09;0.04;0.0;0.0
IBLUMENA15;America/Sao_Paulo;2020-07-05T01:34:50Z;2020-07-04 22:34:50;1593912890;-26.80653;-49.092304;0.0;0.0;128;94.0;94.0;94.0;-1;56.3;56.3;1.3;0.0;0.6;2.2;0.0;1.0;54.5;54.5;54.5;56.3;56.3;56.3;56.3;56.3;56.3;30.1;30.09;0.04;0.0;0.0
IBLUMENA15;America/Sao_Paulo;2020-07-05T01:39:54Z;2020-07-04 22:39:54;1593913194;-26.80653;-49.092304;0.0;0.0;134;94.0;94.0;94.0;-1;56.5;56.3;0.9;0.0;0.2;1.1;0.0;0.5;54.7;54.5;54.6;56.5;56.3;56.4;56.5;56.3;56.4;30.1;30.09;-0.08;0.0;0.0
IBLUMENA15;America/Sao_Paulo;2020-07-05T01:44:58Z;2020-07-04 22:44:58;1593913498;-26.80653;-49.092304;0.0;0.0;131;94.0;94.0;94.0;-1;56.5;56.3;1.1;0.0;0.7;1.1;0.0;1.0;54.7;54.5;54.7;56.5;56.3;56.5;56.5;56.3;56.5;30.1;30.09;0.11;0.0;0.0
IBLUMENA15;America/Sao_Paulo;2020-07-05T01:49:46Z;2020-07-04 22:49:46;1593913786;-26.80653;-49.092304;0.0;0.0;132;95.0;95.0;95.0;-1;56.3;56.3;0.7;0.0;0.1;1.1;0.0;0.2;54.9;54.9;54.9;56.3;56.3;56.3;56.3;56.3;56.3;30.1;30.1;-0.08;0.0;0.0
IBLUMENA15;America/Sao_Paulo;2020-07-05T01:54:50Z;2020-07-04 22:54:50;1593914090;-26.80653;-49.092304;0.0;0.0;128;95.0;95.0;95.0;-1;56.3;56.3;1.1;0.4;1.0;1.1;1.1;1.1;54.9;54.9;54.9;56.3;56.3;56.3;56.3;56.3;56.3;30.1;30.09;0.04;0.0;0.0
IBLUMENA15;America/Sao_Paulo;2020-07-05T01:59:54Z;2020-07-04 22:59:54;1593914394;-26.80653;-49.092304;0.0;0.0;127;95.0;95.0;95.0;-1;56.3;56.1;0.4;0.0;0.0;1.1;0.0;0.2;54.9;54.7;54.8;56.3;56.1;56.3;56.3;56.1;56.3;30.1;30.09;-0.08;0.0;0.0
IBLUMENA15;America/Sao_Paulo;2020-07-05T02:04:58Z;2020-07-04 23:04:58;1593914698;-26.80653;-49.092304;0.0;0.0;132;95.0;95.0;95.0;-1;56.3;56.1;0.0;0.0;0.0;0.0;0.0;0.0;54.9;54.7;54.8;56.3;56.1;56.2;56.3;56.1;56.2;30.1;30.09;0.08;0.0;0.0
IBLUMENA15;America/Sao_Paulo;2020-07-05T02:09:46Z;2020-07-04 23:09:46;1593914986;-26.80653;-49.092304;0.0;0.0;131;95.0;95.0;95.0;-1;56.5;56.3;1.1;0.0;0.3;1.1;0.0;0.5;55.0;54.9;54.9;56.5;56.3;56.3;56.5;56.3;56.3;30.1;30.1;0.0;0.0;0.0
IBLUMENA15;America/Sao_Paulo;2020-07-05T02:14:50Z;2020-07-04 23:14:50;1593915290;-26.80653;-49.092304;0.0;0.0;129;95.0;94.0;94.0;-1;56.5;56.5;1.3;0.0;0.7;2.2;0.0;1.1;55.0;54.7;54.7;56.5;56.5;56.5;56.5;56.5;56.5;30.1;30.1;0.0;0.0;0.0
IBLUMENA15;America/Sao_Paulo;2020-07-05T02:19:54Z;2020-07-04 23:19:54;1593915594;-26.80653;-49.092304;0.0;0.0;128;95.0;94.0;94.9;-1;56.5;56.5;1.1;0.0;0.5;1.1;0.0;0.9;55.0;54.7;55.0;56.5;56.5;56.5;56.5;56.5;56.5;30.1;30.09;0.0;0.0;0.0
IBLUMENA15;America/Sao_Paulo;2020-07-05T02:24:58Z;2020-07-04 23:24:58;1593915898;-26.80653;-49.092304;0.0;0.0;128;95.0;94.0;94.5;-1;56.5;56.5;0.9;0.0;0.1;1.1;0.0;0.2;55.0;54.7;54.9;56.5;56.5;56.5;56.5;56.5;56.5;30.1;30.09;-0.04;0.0;0.0
IBLUMENA15;America/Sao_Paulo;2020-07-05T02:29:46Z;2020-07-04 23:29:46;1593916186;-26.80653;-49.092304;0.0;0.0;128;94.0;94.0;94.0;-1;56.7;56.5;0.9;0.0;0.1;1.1;0.0;0.3;54.9;54.7;54.8;56.7;56.5;56.6;56.7;56.5;56.6;30.1;30.1;0.0;0.0;0.0
IBLUMENA15;America/Sao_Paulo;2020-07-05T02:34:50Z;2020-07-04 23:34:50;1593916490;-26.80653;-49.092304;0.0;0.0;128;94.0;94.0;94.0;-1;56.7;56.7;1.1;0.0;0.2;1.1;0.0;0.3;54.9;54.9;54.9;56.7;56.7;56.7;56.7;56.7;56.7;30.1;30.09;0.0;0.0;0.0
IBLUMENA15;America/Sao_Paulo;2020-07-05T02:39:54Z;2020-07-04 23:39:54;1593916794;-26.80653;-49.092304;0.0;0.0;129;94.0;94.0;94.0;-1;56.8;56.7;0.0;0.0;0.0;0.0;0.0;0.0;55.0;54.9;54.9;56.8;56.7;56.7;56.8;56.7;56.7;30.1;30.09;0.0;0.0;0.0
IBLUMENA15;America/Sao_Paulo;2020-07-05T02:44:58Z;2020-07-04 23:44:58;1593917098;-26.80653;-49.092304;0.0;0.0;129;94.0;94.0;94.0;-1;56.8;56.7;0.0;0.0;0.0;0.0;0.0;0.0;55.0;54.9;54.9;56.8;56.7;56.7;56.8;56.7;56.7;30.1;30.1;0.0;0.0;0.0
IBLUMENA15;America/Sao_Paulo;2020-07-05T02:49:46Z;2020-07-04 23:49:46;1593917386;-26.80653;-49.092304;0.0;0.0;129;94.0;94.0;94.0;-1;56.7;56.7;0.0;0.0;0.0;0.0;0.0;0.0;54.9;54.9;54.9;56.7;56.7;56.7;56.7;56.7;56.7;30.1;30.1;0.12;0.0;0.0
IBLUMENA15;America/Sao_Paulo;2020-07-05T02:54:50Z;2020-07-04 23:54:50;1593917690;-26.80653;-49.092304;0.0;0.0;129;95.0;94.0;94.0;-1;56.7;56.7;0.0;0.0;0.0;0.0;0.0;0.0;55.2;54.9;54.9;56.7;56.7;56.7;56.7;56.7;56.7;30.1;30.1;-0.04;0.0;0.0
IBLUMENA15;America/Sao_Paulo;2020-07-05T02:59:54Z;2020-07-04 23:59:54;1593917994;-26.80653;-49.092304;0.0;0.0;137;95.0;94.0;94.3;-1;56.7;56.7;1.3;0.0;0.3;2.2;0.0;0.5;55.2;54.9;55.0;56.7;56.7;56.7;56.7;56.7;56.7;30.1;30.1;0.0;0.0;0.0
