IBLUMENA15;America/Sao_Paulo;2020-07-07T03:04:56Z;2020-07-07 00:04:56;1594091096;-26.80653;-49.092304;0.0;0.0;151;99.0;99.0;99.0;-1;58.1;58.1;0.0;0.0;0.0;0.0;0.0;0.0;57.7;57.7;57.7;58.1;58.1;58.1;58.1;58.1;58.1;30.15;30.14;0.04;0.0;0.0
IBLUMENA15;America/Sao_Paulo;2020-07-07T03:09:44Z;2020-07-07 00:09:44;1594091384;-26.80653;-49.092304;0.0;0.0;151;99.0;99.0;99.0;-1;58.1;57.9;0.0;0.0;0.0;0.0;0.0;0.0;57.7;57.6;57.7;58.1;57.9;58.0;58.1;57.9;58.0;30.15;30.14;-0.04;0.0;0.0
IBLUMENA15;America/Sao_Paulo;2020-07-07T03:14:48Z;2020-07-07 00:14:48;1594091688;-26.80653;-49.092304;0.0;0.0;151;99.0;99.0;99.0;-1;58.1;58.1;0.0;0.0;0.0;0.0;0.0;0.0;57.7;57.7;57.7;58.1;58.1;58.1;58.1;58.1;58.1;30.15;30.13;0.0;0.0;0.0
IBLUMENA15;America/Sao_Paulo;2020-07-07T03:19:52Z;2020-07-07 00:19:52;1594091992;-26.80653;-49.092304;0.0;0.0;142;99.0;99.0;99.0;-1;58.1;58.1;1.1;0.0;0.7;1.1;0.0;0.9;57.7;57.7;57.7;58.1;58.1;58.1;58.1;58.1;58.1;30.14;30.13;-0.08;0.0;0.0
IBLUMENA15;America/Sao_Paulo;2020-07-07T03:24:56Z;2020-07-07 00:24:56;1594092296;-26.80653;-49.092304;0.0;0.0;137;99.0;99.0;99.0;-1;58.1;58.1;1.1;0.0;0.3;1.1;0.0;0.6;57.7;57.7;57.7;58.1;58.1;58.1;58.1;58.1;58.1;30.14;30.13;0.08;0.0;0.0
IBLUMENA15;America/Sao_Paulo;2020-07-07T03:29:44Z;2020-07-07 00:29:44;1594092584;-26.80653;-49.092304;0.0;0.0;134;99.0;99.0;99.0;-1;58.1;58.1;1.3;0.0;0.4;2.2;0.0;0.5;57.7;57.7;57.7;58.1;58.1;58.1;58.1;58.1;58.1;30.14;30.14;0.04;0.0;0.0
IBLUMENA15;America/Sao_Paulo;2020-07-07T03:34:48Z;2020-07-07 00:34:48;1594092888;-26.80653;-49.092304;0.0;0.0;163;99.0;99.0;99.0;-1;58.1;58.1;1.1;0.0;0.2;1.1;0.0;0.4;57.7;57.7;57.7;58.1;58.1;58.1;58.1;58.1;58.1;30.14;30.13;-0.08;0.0;0.0
IBLUMENA15;America/Sao_Paulo;2020-07-07T03:39:52Z;2020-07-07 00:39:52;1594093192;-26.80653;-49.092304;0.0;0.0;152;99.0;99.0;99.0;-1;58.1;58.1;0.2;0.0;0.0;1.1;0.0;0.2;57.7;57.7;57.7;58.1;58.1;58.1;58.1;58.1;58.1;30.14;30.13;0.04;0.05;0.01
IBLUMENA15;America/Sao_Paulo;2020-07-07T03:44:56Z;2020-07-07 00:44:56;1594093496;-26.80653;-49.092304;0.0;0.0;150;99.0;99.0;99.0;-1;58.3;58.1;0.4;0.0;0.0;1.1;0.0;0.0;57.9;57.7;57.8;58.3;58.1;58.2;58.3;58.1;58.2;30.14;30.13;-0.04;0.05;0.01
IBLUMENA15;America/Sao_Paulo;2020-07-07T03:49:44Z;2020-07-07 00:49:44;1594093784;-26.80653;-49.092304;0.0;0.0;154;99.0;99.0;99.0;-1;58.1;58.1;0.7;0.0;0.1;1.1;0.0;0.3;57.7;57.7;57.7;58.1;58.1;58.1;58.1;58.1;58.1;30.14;30.13;0.04;0.05;0.01
IBLUMENA15;America/Sao_Paulo;2020-07-07T03:54:48Z;2020-07-07 00:54:48;1594094088;-26.80653;-49.092304;0.0;0.0;153;99.0;99.0;99.0;-1;58.1;58.1;0.0;0.0;0.0;0.0;0.0;0.0;57.7;57.7;57.7;58.1;58.1;58.1;58.1;58.1;58.1;30.14;30.13;-0.11;0.0;0.01
IBLUMENA15;America/Sao_Paulo;2020-07-07T03:59:52Z;2020-07-07 00:59:52;1594094392;-26.80653;-49.092304;0.0;0.0;151;99.0;99.0;99.0;-1;58.1;58.1;0.0;0.0;0.0;0.0;0.0;0.0;57.7;57.7;57.7;58.1;58.1;58.1;58.1;58.1;58.1;30.13;30.12;-0.08;0.0;0.01
IBLUMENA15;America/Sao_Paulo;2020-07-07T04:04:56Z;2020-07-07 01:04:56;1594094696;-26.80653;-49.092304;0.0;0.0;147;99.0;99.0;99.0;-1;58.1;58.1;0.2;0.0;0.0;1.1;0.0;0.2;57.7;57.7;57.7;58.1;58.1;58.1;58.1;58.1;58.1;30.13;30.12;0.04;0.0;0.01
IBLUMENA15;America/Sao_Paulo;2020-07-07T04:09:44Z;2020-07-07 01:09:44;1594094984;-26.80653;-49.092304;0.0;0.0;147;99.0;99.0;99.0;-1;58.1;58.1;0.2;0.0;0.0;1.1;0.0;0.1;57.7;57.7;57.7;58.1;58.1;58.1;58.1;58.1;58.1;30.13;30.12;0.0;0.0;0.01
IBLUMENA15;America/Sao_Paulo;2020-07-07T04:14:48Z;2020-07-07 01:14:48;1594095288;-26.80653;-49.092304;0.0;0.0;149;99.0;99.0;99.0;-1;58.1;58.1;0.4;0.0;0.0;1.1;0.0;0.1;57.7;57.7;57.7;58.1;58.1;58.1;58.1;58.1;58.1;30.13;30.12;-0.04;0.0;0.01
IBLUMENA15;America/Sao_Paulo;2020-07-07T04:19:52Z;2020-07-07 01:19:52;1594095592;-26.80653;-49.092304;0.0;0.0;153;99.0;99.0;99.0;-1;58.1;58.1;0.9;0.0;0.3;1.1;0.0;0.7;57.7;57.7;57.7;58.1;58.1;58.1;58.1;58.1;58.1;30.12;30.12;-0.04;0.0;0.01
IBLUMENA15;America/Sao_Paulo;2020-07-07T04:24:56Z;2020-07-07 01:24:56;1594095896;-26.80653;-49.092304;0.0;0.0;154;99.0;99.0;99.0;-1;58.3;58.1;0.4;0.0;0.1;1.1;0.0;0.4;57.9;57.7;57.8;58.3;58.1;58.2;58.3;58.1;58.2;30.12;30.12;-0.08;0.0;0.01
IBLUMENA15;America/Sao_Paulo;2020-07-07T04:29:44Z;2020-07-07 01:29:44;1594096184;-26.80653;-49.092304;0.0;0.0;161;99.0;99.0;99.0;-1;58.3;58.1;1.1;0.0;0.5;1.1;0.0;0.7;57.9;57.7;57.8;58.3;58.1;58.2;58.3;58.1;58.2;30.12;30.11;0.04;0.0;0.01
IBLUMENA15;America/Sao_Paulo;2020-07-07T04:34:48Z;2020-07-07 01:34:48;1594096488;-26.80653;-49.092304;0.0;0.0;156;99.0;99.0;99.0;-1;58.3;58.3;0.9;0.0;0.2;1.1;0.0;0.6;57.9;57.9;57.9;58.3;58.3;58.3;58.3;58.3;58.3;30.13;30.12;0.04;0.0;0.01
IBLUMENA15;America/Sao_Paulo;2020-07-07T04:39:52Z;2020-07-07 01:39:52;1594096792;-26.80653;-49.092304;0.0;0.0;151;99.0;99.0;99.0;-1;58.3;58.3;0.0;0.0;0.0;0.0;0.0;0.0;57.9;57.9;57.9;58.3;58.3;58.3;58.3;58.3;58.3;30.13;30.12;0.04;0.0;0.01
IBLUMENA15;America/Sao_Paulo;2020-07-07T04:44:56Z;2020-07-07 01:44:56;1594097096;-26.80653;-49.092304;0.0;0.0;137;99.0;99.0;99.0;-1;58.3;58.3;0.9;0.0;0.0;1.1;0.0;0.0;57.9;57.9;57.9;58.3;58.3;58.3;58.3;58.3;58.3;30.12;30.11;-0.11;0.0;0.01
IBLUMENA15;America/Sao_Paulo;2020-07-07T04:49:44Z;2020-07-07 01:49:44;1594097384;-26.80653;-49.092304;0.0;0.0;134;99.0;99.0;99.0;-1;58.3;58.3;0.9;0.0;0.3;1.1;0.0;0.5;57.9;57.9;57.9;58.3;58.3;58.3;58.3;58.3;58.3;30.12;30.11;-0.07;0.0;0.01
IBLUMENA15;America/Sao_Paulo;2020-07-07T04:54:48Z;2020-07-07 01:54:48;1594097688;-26.80653;-49.092304;0.0;0.0;141;99.0;99.0;99.0;-1;58.3;58.3;0.0;0.0;0.0;0.0;0.0;0.0;57.9;57.9;57.9;58.3;58.3;58.3;58.3;58.3;58.3;30.12;30.1;0.06;0.0;0.01
IBLUMENA15;America/Sao_Paulo;2020-07-07T04:59:52Z;2020-07-07 01:59:52;1594097992;-26.80653;-49.092304;0.0;0.0;152;99.0;99.0;99.0;-1;58.3;58.3;0.7;0.0;0.1;1.1;0.0;0.2;57.9;57.9;57.9;58.3;58.3;58.3;58.3;58.3;58.3;30.12;30.12;0.08;0.0;0.01
IBLUMENA15;America/Sao_Paulo;2020-07-07T05:04:56Z;2020-07-07 02:04:56;1594098296;-26.80653;-49.092304;0.0;0.0;153;99.0;99.0;99.0;-1;58.3;58.3;0.2;0.0;0.0;1.1;0.0;0.1;57.9;57.9;57.9;58.3;58.3;58.3;58.3;58.3;58.3;30.12;30.12;-0.04;0.05;0.02
IBLUMENA15;America/Sao_Paulo;2020-07-07T05:09:44Z;2020-07-07 02:09:44;1594098584;-26.80653;-49.092304;0.0;0.0;161;99.0;99.0;99.0;-1;58.3;58.3;0.9;0.0;0.3;1.1;0.0;0.8;57.9;57.9;57.9;58.3;58.3;58.3;58.3;58.3;58.3;30.12;30.11;-0.04;0.05;0.02
IBLUMENA15;America/Sao_Paulo;2020-07-07T05:14:48Z;2020-07-07 02:14:48;1594098888;-26.80653;-49.092304;0.0;0.0;160;99.0;99.0;99.0;-1;58.3;58.3;0.7;0.0;0.1;1.1;0.0;0.4;57.9;57.9;57.9;58.3;58.3;58.3;58.3;58.3;58.3;30.12;30.12;0.08;0.05;0.02
IBLUMENA15;America/Sao_Paulo;2020-07-07T05:19:52Z;2020-07-07 02:19:52;1594099192;-26.80653;-49.092304;0.0;0.0;164;99.0;99.0;99.0;-1;58.3;58.3;1.1;0.0;0.7;1.1;0.0;0.9;57.9;57.9;57.9;58.3;58.3;58.3;58.3;58.3;58.3;30.12;30.11;-0.04;0.0;0.02
IBLUMENA15;America/Sao_Paulo;2020-07-07T05:24:56Z;2020-07-07 02:24:56;1594099496;-26.80653;-49.092304;0.0;0.0;145;99.0;99.0;99.0;-1;58.3;58.3;0.9;0.0;0.2;1.1;0.0;0.3;57.9;57.9;57.9;58.3;58.3;58.3;58.3;58.3;58.3;30.12;30.1;-0.18;0.0;0.02
IBLUMENA15;America/Sao_Paulo;2020-07-07T05:29:44Z;2020-07-07 02:29:44;1594099784;-26.80653;-49.092304;0.0;0.0;139;99.0;99.0;99.0;-1;58.5;58.3;0.9;0.0;0.3;1.1;0.0;0.7;58.1;57.9;58.0;58.5;58.3;58.4;58.5;58.3;58.4;30.11;30.1;-0.08;0.0;0.02
IBLUMENA15;America/Sao_Paulo;2020-07-07T05:34:48Z;2020-07-07 02:34:48;1594100088;-26.80653;-49.092304;0.0;0.0;140;99.0;99.0;99.0;-1;58.5;58.5;0.4;0.0;0.1;1.1;0.0;0.2;58.1;58.1;58.1;58.5;58.5;58.5;58.5;58.5;58.5;30.1;30.1;0.08;0.0;0.02
IBLUMENA15;America/Sao_Paulo;2020-07-07T05:39:52Z;2020-07-07 02:39:52;1594100392;-26.80653;-49.092304;0.0;0.0;142;99.0;99.0;99.0;-1;58.5;58.5;0.0;0.0;0.0;0.0;0.0;0.0;58.1;58.1;58.1;58.5;58.5;58.5;58.5;58.5;58.5;30.1;30.1;-0.08;0.07;0.03
IBLUMENA15;America/Sao_Paulo;2020-07-07T05:44:56Z;2020-07-07 02:44:56;1594100696;-26.80653;-49.092304;0.0;0.0;142;99.0;99.0;99.0;-1;58.5;58.3;0.0;0.0;0.0;0.0;0.0;0.0;58.1;57.9;57.9;58.5;58.3;58.3;58.5;58.3;58.3;30.1;30.1;0.0;0.07;0.03
IBLUMENA15;America/Sao_Paulo;2020-07-07T05:49:44Z;2020-07-07 02:49:44;1594100984;-26.80653;-49.092304;0.0;0.0;143;99.0;99.0;99.0;-1;58.3;58.3;0.0;0.0;0.0;0.0;0.0;0.0;57.9;57.9;57.9;58.3;58.3;58.3;58.3;58.3;58.3;30.1;30.09;0.04;0.07;0.03
IBLUMENA15;America/Sao_Paulo;2020-07-07T05:54:48Z;2020-07-07 02:54:48;1594101288;-26.80653;-49.092304;0.0;0.0;143;99.0;99.0;99.0;-1;58.3;58.3;0.0;0.0;0.0;0.0;0.0;0.0;57.9;57.9;57.9;58.3;58.3;58.3;58.3;58.3;58.3;30.1;30.1;-0.08;0.0;0.03
IBLUMENA15;America/Sao_Paulo;2020-07-07T05:59:52Z;2020-07-07 02:59:52;1594101592;-26.80653;-49.092304;0.0;0.0;143;99.0;99.0;99.0;-1;58.3;58.3;0.0;0.0;0.0;0.0;0.0;0.0;57.9;57.9;57.9;58.3;58.3;58.3;58.3;58.3;58.3;30.1;30.09;0.11;0.0;0.03
IBLUMENA15;America/Sao_Paulo;2020-07-07T06:04:56Z;2020-07-07 03:04:56;1594101896;-26.80653;-49.092304;0.0;0.0;140;99.0;99.0;99.0;-1;58.3;58.3;1.1;0.0;0.3;1.1;0.0;0.5;57.9;57.9;57.9;58.3;58.3;58.3;58.3;58.3;58.3;30.1;30.1;-0.04;0.0;0.03
IBLUMENA15;America/Sao_Paulo;2020-07-07T06:09:44Z;2020-07-07 03:09:44;1594102184;-26.80653;-49.092304;0.0;0.0;141;99.0;99.0;99.0;-1;58.3;58.3;0.0;0.0;0.0;0.0;0.0;0.0;57.9;57.9;57.9;58.3;58.3;58.3;58.3;58.3;58.3;30.1;30.1;0.0;0.0;0.03
IBLUMENA15;America/Sao_Paulo;2020-07-07T06:14:48Z;2020-07-07 03:14:48;1594102488;-26.80653;-49.092304;0.0;0.0;141;99.0;99.0;99.0;-1;58.3;58.3;0.0;0.0;0.0;0.0;0.0;0.0;57.9;57.9;57.9;58.3;58.3;58.3;58.3;58.3;58.3;30.1;30.09;-0.08;0.0;0.03
IBLUMENA15;America/Sao_Paulo;2020-07-07T06:19:52Z;2020-07-07 03:19:52;1594102792;-26.80653;-49.092304;0.0;0.0;141;99.0;99.0;99.0;-1;58.3;58.3;0.0;0.0;0.0;0.0;0.0;0.0;57.9;57.9;57.9;58.3;58.3;58.3;58.3;58.3;58.3;30.1;30.09;-0.11;0.0;0.03
IBLUMENA15;America/Sao_Paulo;2020-07-07T06:24:56Z;2020-07-07 03:24:56;1594103096;-26.80653;-49.092304;0.0;0.0;134;99.0;99.0;99.0;-1;58.3;58.3;1.3;0.0;0.3;2.2;0.0;0.6;57.9;57.9;57.9;58.3;58.3;58.3;58.3;58.3;58.3;30.09;30.07;-0.15;0.0;0.03
IBLUMENA15;America/Sao_Paulo;2020-07-07T06:29:44Z;2020-07-07 03:29:44;1594103384;-26.80653;-49.092304;0.0;0.0;116;99.0;99.0;99.0;-1;58.3;58.3;2.2;1.1;1.7;2.2;1.1;2.1;57.9;57.9;57.9;58.3;58.3;58.3;58.3;58.3;58.3;30.07;30.06;-0.12;0.0;0.03
IBLUMENA15;America/Sao_Paulo;2020-07-07T06:34:48Z;2020-07-07 03:34:48;1594103688;-26.80653;-49.092304;0.0;0.0;118;99.0;99.0;99.0;-1;58.3;58.3;2.2;0.0;0.9;3.4;0.0;1.4;57.9;57.9;57.9;58.3;58.3;58.3;58.3;58.3;58.3;30.07;30.06;0.08;0.0;0.03
IBLUMENA15;America/Sao_Paulo;2020-07-07T06:39:52Z;2020-07-07 03:39:52;1594103992;-26.80653;-49.092304;0.0;0.0;153;99.0;99.0;99.0;-1;58.3;58.1;0.2;0.0;0.0;1.1;0.0;0.0;57.9;57.7;57.8;58.3;58.1;58.2;58.3;58.1;58.2;30.07;30.07;-0.04;0.0;0.03
IBLUMENA15;America/Sao_Paulo;2020-07-07T06:44:56Z;2020-07-07 03:44:56;1594104296;-26.80653;-49.092304;0.0;0.0;133;99.0;99.0;99.0;-1;58.1;58.1;2.2;0.0;0.8;2.2;0.0;1.1;57.7;57.7;57.7;58.1;58.1;58.1;58.1;58.1;58.1;30.08;30.07;0.04;0.0;0.03
IBLUMENA15;America/Sao_Paulo;2020-07-07T06:49:44Z;2020-07-07 03:49:44;1594104584;-26.80653;-49.092304;0.0;0.0;131;99.0;99.0;99.0;-1;58.1;58.1;1.6;0.0;0.7;2.2;0.0;1.0;57.7;57.7;57.7;58.1;58.1;58.1;58.1;58.1;58.1;30.07;30.07;0.04;0.0;0.03
IBLUMENA15;America/Sao_Paulo;2020-07-07T06:54:48Z;2020-07-07 03:54:48;1594104888;-26.80653;-49.092304;0.0;0.0;165;99.0;99.0;99.0;-1;58.1;58.1;1.1;0.0;0.3;1.1;0.0;0.6;57.7;57.7;57.7;58.1;58.1;58.1;58.1;58.1;58.1;30.08;30.07;0.04;0.05;0.04
IBLUMENA15;America/Sao_Paulo;2020-07-07T06:59:52Z;2020-07-07 03:59:52;1594105192;-26.80653;-49.092304;0.0;0.0;160;99.0;99.0;99.0;-1;58.1;58.1;0.7;0.0;0.1;1.1;0.0;0.4;57.7;57.7;57.7;58.1;58.1;58.1;58.1;58.1;58.1;30.08;30.07;-0.08;0.05;0.04
IBLUMENA15;America/Sao_Paulo;2020-07-07T07:04:56Z;2020-07-07 04:04:56;1594105496;-26.80653;-49.092304;0.0;0.0;149;99.0;99.0;99.0;-1;58.1;58.1;0.0;0.0;0.0;0.0;0.0;0.0;57.7;57.7;57.7;58.1;58.1;58.1;58.1;58.1;58.1;30.07;30.07;0.04;0.05;0.04
IBLUMENA15;America/Sao_Paulo;2020-07-07T07:09:44Z;2020-07-07 04:09:44;1594105784;-26.80653;-49.092304;0.0;0.0;151;99.0;99.0;99.0;-1;58.1;58.1;0.0;0.0;0.0;0.0;0.0;0.0;57.7;57.7;57.7;58.1;58.1;58.1;58.1;58.1;58.1;30.07;30.07;-0.04;0.0;0.04
IBLUMENA15;America/Sao_Paulo;2020-07-07T07:14:48Z;2020-07-07 04:14:48;1594106088;-26.80653;-49.092304;0.0;0.0;151;99.0;99.0;99.0;-1;58.1;58.1;0.0;0.0;0.0;0.0;0.0;0.0;57.7;57.7;57.7;58.1;58.1;58.1;58.1;58.1;58.1;30.07;30.07;0.0;0.0;0.04
IBLUMENA15;America/Sao_Paulo;2020-07-07T07:19:52Z;2020-07-07 04:19:52;1594106392;-26.80653;-49.092304;0.0;0.0;152;99.0;99.0;99.0;-1;58.1;58.1;0.0;0.0;0.0;0.0;0.0;0.0;57.7;57.7;57.7;58.1;58.1;58.1;58.1;58.1;58.1;30.07;30.07;-0.08;0.0;0.04
IBLUMENA15;America/Sao_Paulo;2020-07-07T07:24:56Z;2020-07-07 04:24:56;1594106696;-26.80653;-49.092304;0.0;0.0;138;99.0;99.0;99.0;-1;58.1;58.1;0.2;0.0;0.0;1.1;0.0;0.0;57.7;57.7;57.7;58.1;58.1;58.1;58.1;58.1;58.1;30.08;30.06;0.08;0.0;0.04
IBLUMENA15;America/Sao_Paulo;2020-07-07T07:29:44Z;2020-07-07 04:29:44;1594106984;-26.80653;-49.092304;0.0;0.0;135;99.0;99.0;99.0;-1;58.1;58.1;0.9;0.0;0.2;1.1;0.0;0.2;57.7;57.7;57.7;58.1;58.1;58.1;58.1;58.1;58.1;30.07;30.06;-0.12;0.0;0.04
IBLUMENA15;America/Sao_Paulo;2020-07-07T07:34:48Z;2020-07-07 04:34:48;1594107288;-26.80653;-49.092304;0.0;0.0;143;99.0;99.0;99.0;-1;58.1;58.1;0.0;0.0;0.0;0.0;0.0;0.0;57.7;57.7;57.7;58.1;58.1;58.1;58.1;58.1;58.1;30.07;30.06;0.15;0.0;0.04
IBLUMENA15;America/Sao_Paulo;2020-07-07T07:39:52Z;2020-07-07 04:39:52;1594107592;-26.80653;-49.092304;0.0;0.0;162;99.0;99.0;99.0;-1;58.1;58.1;1.1;0.0;0.3;1.1;0.0;0.5;57.7;57.7;57.7;58.1;58.1;58.1;58.1;58.1;58.1;30.08;30.07;0.04;0.0;0.04
IBLUMENA15;America/Sao_Paulo;2020-07-07T07:44:56Z;2020-07-07 04:44:56;1594107896;-26.80653;-49.092304;0.0;0.0;165;99.0;99.0;99.0;-1;58.3;58.1;0.9;0.0;0.3;1.1;0.0;0.5;57.9;57.7;57.7;58.3;58.1;58.1;58.3;58.1;58.1;30.08;30.07;-0.11;0.0;0.04
IBLUMENA15;America/Sao_Paulo;2020-07-07T07:49:59Z;2020-07-07 04:49:59;1594108199;-26.80653;-49.092304;0.0;0.0;138;99.0;99.0;99.0;-1;58.3;58.1;1.1;0.0;0.4;1.1;0.0;0.5;57.9;57.7;57.7;58.3;58.1;58.1;58.3;58.1;58.1;30.07;30.06;-0.11;0.0;0.04
IBLUMENA15;America/Sao_Paulo;2020-07-07T07:54:47Z;2020-07-07 04:54:47;1594108487;-26.80653;-49.092304;0.0;0.0;140;99.0;99.0;99.0;-1;58.3;58.1;0.7;0.0;0.1;1.1;0.0;0.1;57.9;57.7;57.8;58.3;58.1;58.2;58.3;58.1;58.2;30.07;30.06;0.0;0.0;0.04
IBLUMENA15;America/Sao_Paulo;2020-07-07T07:59:51Z;2020-07-07 04:59:51;1594108791;-26.80653;-49.092304;0.0;0.0;146;99.0;99.0;99.0;-1;58.3;58.1;0.2;0.0;0.1;1.1;0.0;0.4;57.9;57.7;57.8;58.3;58.1;58.2;58.3;58.1;58.2;30.06;30.06;0.0;0.0;0.04
IBLUMENA15;America/Sao_Paulo;2020-07-07T08:04:55Z;2020-07-07 05:04:55;1594109095;-26.80653;-49.092304;0.0;0.0;146;99.0;99.0;99.0;-1;58.3;58.1;0.0;0.0;0.0;0.0;0.0;0.0;57.9;57.7;57.8;58.3;58.1;58.2;58.3;58.1;58.2;30.07;30.06;0.04;0.05;0.04
IBLUMENA15;America/Sao_Paulo;2020-07-07T08:09:59Z;2020-07-07 05:09:59;1594109399;-26.80653;-49.092304;0.0;0.0;139;99.0;99.0;99.0;-1;58.3;58.1;0.9;0.0;0.3;1.1;0.0;0.5;57.9;57.7;57.8;58.3;58.1;58.2;58.3;58.1;58.2;30.06;30.06;-0.04;0.05;0.04
IBLUMENA15;America/Sao_Paulo;2020-07-07T08:14:47Z;2020-07-07 05:14:47;1594109687;-26.80653;-49.092304;0.0;0.0;136;99.0;99.0;99.0;-1;58.3;58.1;1.1;0.0;0.5;1.1;0.0;1.1;57.9;57.7;57.9;58.3;58.1;58.3;58.3;58.1;58.3;30.06;30.05;-0.12;0.05;0.04
IBLUMENA15;America/Sao_Paulo;2020-07-07T08:19:51Z;2020-07-07 05:19:51;1594109991;-26.80653;-49.092304;0.0;0.0;128;99.0;99.0;99.0;-1;58.3;58.3;1.3;0.0;0.7;2.2;0.0;1.2;57.9;57.9;57.9;58.3;58.3;58.3;58.3;58.3;58.3;30.05;30.04;-0.03;0.0;0.04
IBLUMENA15;America/Sao_Paulo;2020-07-07T08:24:55Z;2020-07-07 05:24:55;1594110295;-26.80653;-49.092304;0.0;0.0;134;99.0;99.0;99.0;-1;58.3;58.1;1.1;0.0;0.4;1.1;0.0;0.8;57.9;57.7;57.8;58.3;58.1;58.2;58.3;58.1;58.2;30.06;30.05;0.03;0.0;0.04
IBLUMENA15;America/Sao_Paulo;2020-07-07T08:29:59Z;2020-07-07 05:29:59;1594110599;-26.80653;-49.092304;0.0;0.0;149;99.0;99.0;99.0;-1;58.3;58.1;0.0;0.0;0.0;0.0;0.0;0.0;57.9;57.7;57.8;58.3;58.1;58.2;58.3;58.1;58.2;30.06;30.05;0.08;0.0;0.04
IBLUMENA15;America/Sao_Paulo;2020-07-07T08:34:47Z;2020-07-07 05:34:47;1594110887;-26.80653;-49.092304;0.0;0.0;149;99.0;99.0;99.0;-1;58.3;58.1;0.0;0.0;0.0;0.0;0.0;0.0;57.9;57.7;57.8;58.3;58.1;58.2;58.3;58.1;58.2;30.06;30.05;-0.04;0.0;0.04
IBLUMENA15;America/Sao_Paulo;2020-07-07T08:39:51Z;2020-07-07 05:39:51;1594111191;-26.80653;-49.092304;0.0;0.0;149;99.0;99.0;99.0;-1;58.3;58.1;0.0;0.0;0.0;0.0;0.0;0.0;57.9;57.7;57.7;58.3;58.1;58.1;58.3;58.1;58.1;30.06;30.05;0.04;0.0;0.04
IBLUMENA15;America/Sao_Paulo;2020-07-07T08:44:55Z;2020-07-07 05:44:55;1594111495;-26.80653;-49.092304;0.0;0.0;149;99.0;99.0;99.0;-1;58.3;58.1;0.0;0.0;0.0;0.0;0.0;0.0;57.9;57.7;57.7;58.3;58.1;58.1;58.3;58.1;58.1;30.06;30.05;-0.04;0.0;0.04
IBLUMENA15;America/Sao_Paulo;2020-07-07T08:49:59Z;2020-07-07 05:49:59;1594111799;-26.80653;-49.092304;0.0;0.0;149;99.0;99.0;99.0;-1;58.3;58.1;0.0;0.0;0.0;0.0;0.0;0.0;57.9;57.7;57.8;58.3;58.1;58.2;58.3;58.1;58.2;30.06;30.05;0.04;0.0;0.04
IBLUMENA15;America/Sao_Paulo;2020-07-07T08:54:47Z;2020-07-07 05:54:47;1594112087;-26.80653;-49.092304;0.0;0.0;148;99.0;99.0;99.0;-1;58.1;58.1;0.0;0.0;0.0;0.0;0.0;0.0;57.7;57.7;57.7;58.1;58.1;58.1;58.1;58.1;58.1;30.06;30.05;0.0;0.0;0.04
IBLUMENA15;America/Sao_Paulo;2020-07-07T08:59:51Z;2020-07-07 05:59:51;1594112391;-26.80653;-49.092304;0.0;0.0;143;99.0;99.0;99.0;-1;58.1;58.1;0.4;0.0;0.1;1.1;0.0;0.3;57.7;57.7;57.7;58.1;58.1;58.1;58.1;58.1;58.1;30.06;30.05;-0.08;0.0;0.04
IBLUMENA15;America/Sao_Paulo;2020-07-07T09:04:55Z;2020-07-07 06:04:55;1594112695;-26.80653;-49.092304;0.0;0.0;140;99.0;99.0;99.0;-1;58.3;58.1;0.7;0.0;0.1;1.1;0.0;0.2;57.9;57.7;57.7;58.3;58.1;58.1;58.3;58.1;58.1;30.05;30.05;-0.06;0.0;0.04
IBLUMENA15;America/Sao_Paulo;2020-07-07T09:09:59Z;2020-07-07 06:09:59;1594112999;-26.80653;-49.092304;0.0;0.0;143;99.0;99.0;99.0;-1;58.3;58.3;0.4;0.0;0.0;1.1;0.0;0.2;57.9;57.9;57.9;58.3;58.3;58.3;58.3;58.3;58.3;30.05;30.05;0.06;0.0;0.04
IBLUMENA15;America/Sao_Paulo;2020-07-07T09:14:47Z;2020-07-07 06:14:47;1594113287;-26.80653;-49.092304;0.0;0.0;138;99.0;99.0;99.0;-1;58.3;58.1;1.3;0.0;0.7;2.2;0.0;1.0;57.9;57.7;57.9;58.3;58.1;58.3;58.3;58.1;58.3;30.06;30.05;0.08;0.0;0.04
IBLUMENA15;America/Sao_Paulo;2020-07-07T09:19:51Z;2020-07-07 06:19:51;1594113591;-26.80653;-49.092304;0.0;0.0;135;99.0;99.0;99.0;-1;58.3;58.1;1.3;0.0;0.7;2.2;0.0;1.0;57.9;57.7;57.8;58.3;58.1;58.2;58.3;58.1;58.2;30.06;30.05;-0.04;0.0;0.04
IBLUMENA15;America/Sao_Paulo;2020-07-07T09:24:55Z;2020-07-07 06:24:55;1594113895;-26.80653;-49.092304;0.0;0.0;147;99.0;99.0;99.0;-1;58.1;58.1;0.2;0.0;0.0;1.1;0.0;0.1;57.7;57.7;57.7;58.1;58.1;58.1;58.1;58.1;58.1;30.06;30.05;0.04;0.0;0.04
IBLUMENA15;America/Sao_Paulo;2020-07-07T09:29:59Z;2020-07-07 06:29:59;1594114199;-26.80653;-49.092304;0.0;0.0;144;99.0;99.0;99.0;-1;58.1;58.1;0.2;0.0;0.0;1.1;0.0;0.1;57.7;57.7;57.7;58.1;58.1;58.1;58.1;58.1;58.1;30.06;30.06;0.0;0.0;0.04
IBLUMENA15;America/Sao_Paulo;2020-07-07T09:34:47Z;2020-07-07 06:34:47;1594114487;-26.80653;-49.092304;0.0;0.0;146;99.0;99.0;99.0;-1;58.1;58.1;0.0;0.0;0.0;0.0;0.0;0.0;57.7;57.7;57.7;58.1;58.1;58.1;58.1;58.1;58.1;30.07;30.05;0.04;0.0;0.04
IBLUMENA15;America/Sao_Paulo;2020-07-07T09:39:51Z;2020-07-07 06:39:51;1594114791;-26.80653;-49.092304;0.0;0.0;150;99.0;99.0;99.0;-1;58.3;58.1;0.0;0.0;0.0;0.0;0.0;0.0;57.9;57.7;57.7;58.3;58.1;58.1;58.3;58.1;58.1;30.07;30.06;0.08;0.0;0.04
IBLUMENA15;America/Sao_Paulo;2020-07-07T09:44:55Z;2020-07-07 06:44:55;1594115095;-26.80653;-49.092304;0.0;0.0;150;99.0;99.0;99.0;-1;58.3;58.1;0.0;0.0;0.0;0.0;0.0;0.0;57.9;57.7;57.8;58.3;58.1;58.2;58.3;58.1;58.2;30.07;30.06;0.0;0.0;0.04
IBLUMENA15;America/Sao_Paulo;2020-07-07T09:49:59Z;2020-07-07 06:49:59;1594115399;-26.80653;-49.092304;0.0;0.0;146;99.0;99.0;99.0;-1;58.3;58.3;0.0;0.0;0.0;0.0;0.0;0.0;57.9;57.9;57.9;58.3;58.3;58.3;58.3;58.3;58.3;30.07;30.06;-0.11;0.0;0.04
IBLUMENA15;America/Sao_Paulo;2020-07-07T09:54:47Z;2020-07-07 06:54:47;1594115687;-26.80653;-49.092304;0.0;0.0;145;99.0;99.0;99.0;-1;58.3;58.3;0.2;0.0;0.0;1.1;0.0;0.1;57.9;57.9;57.9;58.3;58.3;58.3;58.3;58.3;58.3;30.06;30.05;-0.04;0.0;0.04
IBLUMENA15;America/Sao_Paulo;2020-07-07T09:59:51Z;2020-07-07 06:59:51;1594115991;-26.80653;-49.092304;0.0;0.0;148;99.0;99.0;99.0;-1;58.3;58.1;0.0;0.0;0.0;0.0;0.0;0.0;57.9;57.7;57.9;58.3;58.1;58.3;58.3;58.1;58.3;30.06;30.05;0.0;0.0;0.04
IBLUMENA15;America/Sao_Paulo;2020-07-07T10:04:55Z;2020-07-07 07:04:55;1594116295;-26.80653;-49.092304;0.0;0.0;148;99.0;99.0;99.0;-1;58.3;58.1;0.0;0.0;0.0;0.0;0.0;0.0;57.9;57.7;57.9;58.3;58.1;58.3;58.3;58.1;58.3;30.06;30.05;0.0;0.0;0.04
IBLUMENA15;America/Sao_Paulo;2020-07-07T10:09:59Z;2020-07-07 07:09:59;1594116599;-26.80653;-49.092304;0.0;0.0;151;99.0;99.0;99.0;-1;58.3;58.3;0.2;0.0;0.0;1.1;0.0;0.0;57.9;57.9;57.9;58.3;58.3;58.3;58.3;58.3;58.3;30.07;30.05;0.11;0.0;0.04
IBLUMENA15;America/Sao_Paulo;2020-07-07T10:14:47Z;2020-07-07 07:14:47;1594116887;-26.80653;-49.092304;0.0;0.0;151;99.0;99.0;99.0;-1;58.3;58.3;0.4;0.0;0.0;1.1;0.0;0.0;57.9;57.9;57.9;58.3;58.3;58.3;58.3;58.3;58.3;30.06;30.05;-0.08;0.05;0.05
IBLUMENA15;America/Sao_Paulo;2020-07-07T10:19:51Z;2020-07-07 07:19:51;1594117191;-26.80653;-49.092304;0.9;0.0;157;99.0;99.0;99.0;-1;58.5;58.3;1.1;0.0;0.2;1.1;0.0;0.2;58.1;57.9;58.0;58.5;58.3;58.4;58.5;58.3;58.4;30.06;30.06;0.04;0.05;0.05
IBLUMENA15;America/Sao_Paulo;2020-07-07T10:24:55Z;2020-07-07 07:24:55;1594117495;-26.80653;-49.092304;1.7;0.0;159;99.0;99.0;99.0;-1;58.5;58.3;0.9;0.0;0.3;1.1;0.0;0.9;58.1;57.9;58.1;58.5;58.3;58.5;58.5;58.3;58.5;30.06;30.05;-0.08;0.12;0.06
IBLUMENA15;America/Sao_Paulo;2020-07-07T10:29:59Z;2020-07-07 07:29:59;1594117799;-26.80653;-49.092304;2.9;0.0;163;99.0;99.0;99.0;-1;58.5;58.3;1.1;0.2;0.7;1.1;1.1;1.1;58.1;57.9;58.0;58.5;58.3;58.4;58.5;58.3;58.4;30.06;30.05;0.08;0.07;0.06
IBLUMENA15;America/Sao_Paulo;2020-07-07T10:34:47Z;2020-07-07 07:34:47;1594118087;-26.80653;-49.092304;2.6;0.0;163;99.0;99.0;99.0;-1;58.5;58.3;1.1;0.0;0.3;1.1;0.0;0.6;58.1;57.9;57.9;58.5;58.3;58.3;58.5;58.3;58.3;30.06;30.05;-0.08;0.07;0.06
IBLUMENA15;America/Sao_Paulo;2020-07-07T10:39:51Z;2020-07-07 07:39:51;1594118391;-26.80653;-49.092304;4.3;0.0;157;99.0;99.0;99.0;-1;58.5;58.3;0.0;0.0;0.0;0.0;0.0;0.0;58.1;57.9;58.1;58.5;58.3;58.5;58.5;58.3;58.5;30.06;30.05;0.04;0.0;0.06
IBLUMENA15;America/Sao_Paulo;2020-07-07T10:44:55Z;2020-07-07 07:44:55;1594118695;-26.80653;-49.092304;6.0;0.0;155;99.0;99.0;99.0;-1;58.5;58.3;0.0;0.0;0.0;0.0;0.0;0.0;58.1;57.9;58.1;58.5;58.3;58.5;58.5;58.3;58.5;30.06;30.05;-0.08;0.0;0.06
IBLUMENA15;America/Sao_Paulo;2020-07-07T10:49:59Z;2020-07-07 07:49:59;1594118999;-26.80653;-49.092304;9.9;0.0;155;99.0;99.0;99.0;-1;58.5;58.5;0.0;0.0;0.0;0.0;0.0;0.0;58.1;58.1;58.1;58.5;58.5;58.5;58.5;58.5;58.5;30.06;30.05;0.0;0.05;0.07
IBLUMENA15;America/Sao_Paulo;2020-07-07T10:54:47Z;2020-07-07 07:54:47;1594119287;-26.80653;-49.092304;13.3;0.0;155;99.0;99.0;99.0;-1;58.5;58.5;0.2;0.0;0.0;1.1;0.0;0.2;58.1;58.1;58.1;58.5;58.5;58.5;58.5;58.5;58.5;30.05;30.04;-0.07;0.05;0.07
IBLUMENA15;America/Sao_Paulo;2020-07-07T10:59:51Z;2020-07-07 07:59:51;1594119591;-26.80653;-49.092304;13.3;0.0;159;99.0;99.0;99.0;-1;58.5;58.5;0.2;0.0;0.1;1.1;0.0;0.5;58.1;58.1;58.1;58.5;58.5;58.5;58.5;58.5;58.5;30.05;30.05;0.06;0.05;0.07
IBLUMENA15;America/Sao_Paulo;2020-07-07T11:04:55Z;2020-07-07 08:04:55;1594119895;-26.80653;-49.092304;17.7;0.0;161;99.0;99.0;99.0;-1;58.6;58.5;0.9;0.0;0.2;1.1;0.0;0.6;58.3;58.1;58.1;58.6;58.5;58.5;58.6;58.5;58.5;30.05;30.05;0.0;0.0;0.07
IBLUMENA15;America/Sao_Paulo;2020-07-07T11:09:59Z;2020-07-07 08:09:59;1594120199;-26.80653;-49.092304;18.1;0.0;164;99.0;99.0;99.0;-1;58.6;58.5;1.1;0.0;0.7;1.1;0.0;1.1;58.3;58.1;58.2;58.6;58.5;58.5;58.6;58.5;58.5;30.05;30.05;0.0;0.0;0.07
IBLUMENA15;America/Sao_Paulo;2020-07-07T11:14:47Z;2020-07-07 08:14:47;1594120487;-26.80653;-49.092304;20.3;0.0;168;99.0;99.0;99.0;-1;58.5;58.5;1.1;0.0;0.5;2.2;0.0;0.9;58.1;58.1;58.1;58.5;58.5;58.5;58.5;58.5;58.5;30.06;30.05;0.08;0.0;0.07
IBLUMENA15;America/Sao_Paulo;2020-07-07T11:19:51Z;2020-07-07 08:19:51;1594120791;-26.80653;-49.092304;17.7;0.0;178;99.0;99.0;99.0;-1;58.5;58.5;2.0;0.9;1.3;2.2;1.1;1.6;58.1;58.1;58.1;58.5;58.5;58.5;58.5;58.5;58.5;30.07;30.05;0.11;0.0;0.07
IBLUMENA15;America/Sao_Paulo;2020-07-07T11:24:55Z;2020-07-07 08:24:55;1594121095;-26.80653;-49.092304;24.7;0.0;176;99.0;99.0;99.0;-1;58.5;58.5;2.2;0.2;1.3;2.2;1.1;1.5;58.1;58.1;58.1;58.5;58.5;58.5;58.5;58.5;58.5;30.07;30.06;-0.04;0.0;0.07
IBLUMENA15;America/Sao_Paulo;2020-07-07T11:29:59Z;2020-07-07 08:29:59;1594121399;-26.80653;-49.092304;29.0;0.0;155;99.0;99.0;99.0;-1;58.5;58.5;1.1;0.0;0.2;1.1;0.0;0.5;58.1;58.1;58.1;58.5;58.5;58.5;58.5;58.5;58.5;30.06;30.06;-0.04;0.0;0.07
IBLUMENA15;America/Sao_Paulo;2020-07-07T11:34:47Z;2020-07-07 08:34:47;1594121687;-26.80653;-49.092304;32.1;0.0;152;99.0;99.0;99.0;-1;58.6;58.5;0.2;0.0;0.0;1.1;0.0;0.2;58.3;58.1;58.1;58.6;58.5;58.5;58.6;58.5;58.5;30.06;30.06;-0.04;0.0;0.07
IBLUMENA15;America/Sao_Paulo;2020-07-07T11:39:51Z;2020-07-07 08:39:51;1594121991;-26.80653;-49.092304;36.0;0.0;151;99.0;99.0;99.0;-1;58.6;58.6;0.2;0.0;0.0;1.1;0.0;0.2;58.3;58.3;58.3;58.6;58.6;58.6;58.6;58.6;58.6;30.06;30.05;-0.04;0.0;0.07
IBLUMENA15;America/Sao_Paulo;2020-07-07T11:44:55Z;2020-07-07 08:44:55;1594122295;-26.80653;-49.092304;36.0;0.0;154;99.0;99.0;99.0;-1;58.6;58.6;0.2;0.0;0.0;1.1;0.0;0.0;58.3;58.3;58.3;58.6;58.6;58.6;58.6;58.6;58.6;30.06;30.05;0.04;0.0;0.07
IBLUMENA15;America/Sao_Paulo;2020-07-07T11:49:59Z;2020-07-07 08:49:59;1594122599;-26.80653;-49.092304;32.1;0.0;158;99.0;99.0;99.0;-1;58.8;58.6;1.1;0.0;0.5;1.1;0.0;1.1;58.5;58.3;58.3;58.8;58.6;58.7;58.8;58.6;58.7;30.06;30.05;0.0;0.0;0.07
IBLUMENA15;America/Sao_Paulo;2020-07-07T11:54:47Z;2020-07-07 08:54:47;1594122887;-26.80653;-49.092304;25.6;0.0;162;99.0;99.0;99.0;-1;58.8;58.8;1.1;0.0;0.5;1.1;0.0;1.0;58.5;58.5;58.5;58.8;58.8;58.8;58.8;58.8;58.8;30.06;30.05;0.0;0.05;0.08
IBLUMENA15;America/Sao_Paulo;2020-07-07T11:59:51Z;2020-07-07 08:59:51;1594123191;-26.80653;-49.092304;27.7;0.0;161;99.0;99.0;99.0;-1;58.8;58.8;0.9;0.0;0.1;1.1;0.0;0.2;58.5;58.5;58.5;58.8;58.8;58.8;58.8;58.8;58.8;30.06;30.05;-0.08;0.05;0.08
IBLUMENA15;America/Sao_Paulo;2020-07-07T12:04:55Z;2020-07-07 09:04:55;1594123495;-26.80653;-49.092304;26.8;0.0;152;99.0;99.0;99.0;-1;58.8;58.6;1.6;0.0;0.7;2.2;0.0;1.0;58.5;58.3;58.4;58.8;58.6;58.7;58.8;58.6;58.7;30.05;30.05;0.0;0.05;0.08
IBLUMENA15;America/Sao_Paulo;2020-07-07T12:09:59Z;2020-07-07 09:09:59;1594123799;-26.80653;-49.092304;19.1;0.0;158;99.0;99.0;99.0;-1;58.8;58.6;1.1;0.0;0.3;1.1;0.0;0.5;58.5;58.3;58.4;58.8;58.6;58.7;58.8;58.6;58.7;30.05;30.05;0.04;0.0;0.08
IBLUMENA15;America/Sao_Paulo;2020-07-07T12:14:47Z;2020-07-07 09:14:47;1594124087;-26.80653;-49.092304;16.9;0.0;163;99.0;99.0;99.0;-1;59.0;58.8;1.1;0.0;0.6;1.1;0.0;1.1;58.6;58.5;58.5;59.0;58.8;58.9;59.0;58.8;58.9;30.05;30.05;-0.04;0.0;0.08
IBLUMENA15;America/Sao_Paulo;2020-07-07T12:19:51Z;2020-07-07 09:19:51;1594124391;-26.80653;-49.092304;35.1;0.0;159;99.0;99.0;99.0;-1;58.8;58.8;0.2;0.0;0.0;1.1;0.0;0.1;58.5;58.5;58.5;58.8;58.8;58.8;58.8;58.8;58.8;30.05;30.05;0.04;0.0;0.08
IBLUMENA15;America/Sao_Paulo;2020-07-07T12:24:55Z;2020-07-07 09:24:55;1594124695;-26.80653;-49.092304;46.4;0.0;155;99.0;99.0;99.0;-1;58.8;58.6;0.0;0.0;0.0;0.0;0.0;0.0;58.5;58.3;58.4;58.8;58.6;58.7;58.8;58.6;58.7;30.06;30.05;0.04;0.0;0.08
IBLUMENA15;America/Sao_Paulo;2020-07-07T12:29:59Z;2020-07-07 09:29:59;1594124999;-26.80653;-49.092304;48.1;0.0;162;99.0;99.0;99.0;-1;59.0;58.8;1.1;0.0;0.5;1.1;0.0;0.7;58.6;58.5;58.6;59.0;58.8;59.0;59.0;58.8;59.0;30.06;30.05;-0.08;0.0;0.08
IBLUMENA15;America/Sao_Paulo;2020-07-07T12:34:47Z;2020-07-07 09:34:47;1594125287;-26.80653;-49.092304;35.5;0.0;169;99.0;99.0;99.0;-1;59.0;58.8;1.3;0.0;0.4;2.2;0.0;0.7;58.6;58.5;58.6;59.0;58.8;58.9;59.0;58.8;58.9;30.05;30.05;0.0;0.0;0.08
IBLUMENA15;America/Sao_Paulo;2020-07-07T12:39:51Z;2020-07-07 09:39:51;1594125591;-26.80653;-49.092304;57.6;0.0;150;99.0;99.0;99.0;-1;59.0;59.0;0.0;0.0;0.0;0.0;0.0;0.0;58.6;58.6;58.6;59.0;59.0;59.0;59.0;59.0;59.0;30.05;30.05;0.0;0.0;0.08
IBLUMENA15;America/Sao_Paulo;2020-07-07T12:44:55Z;2020-07-07 09:44:55;1594125895;-26.80653;-49.092304;75.5;0.0;149;99.0;99.0;99.0;-1;59.2;59.0;0.0;0.0;0.0;0.0;0.0;0.0;58.8;58.6;58.7;59.2;59.0;59.1;59.2;59.0;59.1;30.05;30.05;-0.03;0.0;0.08
IBLUMENA15;America/Sao_Paulo;2020-07-07T12:49:59Z;2020-07-07 09:49:59;1594126199;-26.80653;-49.092304;68.9;0.0;157;99.0;99.0;99.0;-1;59.5;59.2;0.7;0.0;0.2;1.1;0.0;0.5;59.2;58.8;59.0;59.5;59.2;59.4;59.5;59.2;59.4;30.05;30.05;0.06;0.0;0.08
IBLUMENA15;America/Sao_Paulo;2020-07-07T12:54:47Z;2020-07-07 09:54:47;1594126487;-26.80653;-49.092304;57.6;0.0;156;99.0;99.0;99.0;-1;59.2;59.2;0.2;0.0;0.0;1.1;0.0;0.1;58.8;58.8;58.8;59.2;59.2;59.2;59.2;59.2;59.2;30.06;30.05;-0.07;0.0;0.08
IBLUMENA15;America/Sao_Paulo;2020-07-07T12:59:51Z;2020-07-07 09:59:51;1594126791;-26.80653;-49.092304;59.0;0.0;156;99.0;99.0;99.0;-1;59.4;59.0;0.2;0.0;0.0;1.1;0.0;0.0;59.0;58.6;58.8;59.4;59.0;59.2;59.4;59.0;59.2;30.05;30.05;0.0;0.0;0.08
IBLUMENA15;America/Sao_Paulo;2020-07-07T13:04:55Z;2020-07-07 10:04:55;1594127095;-26.80653;-49.092304;48.6;0.0;161;99.0;99.0;99.0;-1;59.4;59.2;1.1;0.2;0.7;1.1;1.1;1.1;59.0;58.8;58.9;59.4;59.2;59.3;59.4;59.2;59.3;30.05;30.05;0.03;0.0;0.08
IBLUMENA15;America/Sao_Paulo;2020-07-07T13:09:59Z;2020-07-07 10:09:59;1594127399;-26.80653;-49.092304;59.8;0.0;159;99.0;99.0;99.0;-1;59.4;59.2;1.3;0.0;0.4;2.2;0.0;0.7;59.0;58.8;59.0;59.4;59.2;59.4;59.4;59.2;59.4;30.05;30.05;-0.03;0.0;0.08
IBLUMENA15;America/Sao_Paulo;2020-07-07T13:14:47Z;2020-07-07 10:14:47;1594127687;-26.80653;-49.092304;65.0;0.0;157;99.0;99.0;99.0;-1;59.5;59.4;0.2;0.0;0.0;1.1;0.0;0.1;59.2;59.0;59.1;59.5;59.4;59.4;59.5;59.4;59.4;30.05;30.05;0.03;0.0;0.08
IBLUMENA15;America/Sao_Paulo;2020-07-07T13:19:51Z;2020-07-07 10:19:51;1594127991;-26.80653;-49.092304;66.8;0.0;158;99.0;99.0;99.0;-1;59.5;59.5;0.4;0.0;0.1;1.1;0.0;0.2;59.2;59.2;59.2;59.5;59.5;59.5;59.5;59.5;59.5;30.06;30.05;0.08;0.0;0.08
IBLUMENA15;America/Sao_Paulo;2020-07-07T13:24:55Z;2020-07-07 10:24:55;1594128295;-26.80653;-49.092304;79.8;0.0;164;99.0;99.0;99.0;-1;59.7;59.7;1.1;0.0;0.3;1.1;0.0;0.6;59.4;59.4;59.4;59.7;59.7;59.7;59.7;59.7;59.7;30.06;30.05;-0.08;0.0;0.08
IBLUMENA15;America/Sao_Paulo;2020-07-07T13:29:59Z;2020-07-07 10:29:59;1594128599;-26.80653;-49.092304;98.8;0.0;166;99.0;99.0;99.0;-1;59.7;59.5;1.3;0.0;0.8;2.2;0.0;1.1;59.4;59.2;59.3;59.7;59.5;59.6;59.7;59.5;59.6;30.05;30.05;-0.03;0.0;0.08
IBLUMENA15;America/Sao_Paulo;2020-07-07T13:34:47Z;2020-07-07 10:34:47;1594128887;-26.80653;-49.092304;96.3;0.0;169;99.0;99.0;99.0;-1;59.5;59.5;1.3;0.2;0.9;2.2;1.1;1.2;59.2;59.2;59.2;59.5;59.5;59.5;59.5;59.5;59.5;30.05;30.04;-0.08;0.0;0.08
IBLUMENA15;America/Sao_Paulo;2020-07-07T13:39:51Z;2020-07-07 10:39:51;1594129191;-26.80653;-49.092304;93.2;0.0;161;99.0;99.0;99.0;-1;59.9;59.5;1.3;0.0;0.4;2.2;0.0;0.8;59.5;59.2;59.4;59.9;59.5;59.8;59.9;59.5;59.8;30.04;30.04;-0.04;0.0;0.08
IBLUMENA15;America/Sao_Paulo;2020-07-07T13:44:55Z;2020-07-07 10:44:55;1594129495;-26.80653;-49.092304;94.1;0.0;156;99.0;99.0;99.0;-1;59.9;59.9;1.3;0.0;0.2;2.2;0.0;0.4;59.5;59.5;59.5;59.9;59.9;59.9;59.9;59.9;59.9;30.04;30.04;0.04;0.0;0.08
IBLUMENA15;America/Sao_Paulo;2020-07-07T13:49:59Z;2020-07-07 10:49:59;1594129799;-26.80653;-49.092304;88.8;0.0;157;99.0;99.0;99.0;-1;59.9;59.5;0.9;0.0;0.2;1.1;0.0;0.4;59.5;59.2;59.4;59.9;59.5;59.8;59.9;59.5;59.8;30.04;30.03;-0.04;0.0;0.08
IBLUMENA15;America/Sao_Paulo;2020-07-07T13:54:47Z;2020-07-07 10:54:47;1594130087;-26.80653;-49.092304;68.9;0.0;155;99.0;99.0;99.0;-1;59.9;59.5;0.7;0.0;0.0;1.1;0.0;0.1;59.5;59.2;59.4;59.9;59.5;59.8;59.9;59.5;59.8;30.04;30.03;-0.16;0.0;0.08
IBLUMENA15;America/Sao_Paulo;2020-07-07T13:59:51Z;2020-07-07 10:59:51;1594130391;-26.80653;-49.092304;97.5;0.0;142;99.0;99.0;99.0;-1;59.9;59.9;1.1;0.0;0.3;1.1;0.0;0.6;59.5;59.5;59.5;59.9;59.9;59.9;59.9;59.9;59.9;30.03;30.02;-0.15;0.05;0.09
IBLUMENA15;America/Sao_Paulo;2020-07-07T14:04:55Z;2020-07-07 11:04:55;1594130695;-26.80653;-49.092304;102.8;1.0;128;99.0;99.0;99.0;-1;59.9;59.7;1.8;0.0;0.9;2.2;0.0;1.1;59.5;59.4;59.4;59.9;59.7;59.8;59.9;59.7;59.8;30.02;30.01;-0.08;0.05;0.09
IBLUMENA15;America/Sao_Paulo;2020-07-07T14:09:59Z;2020-07-07 11:09:59;1594130999;-26.80653;-49.092304;127.1;1.0;132;99.0;99.0;99.0;-1;60.3;59.9;1.1;0.0;0.7;1.1;0.0;0.9;59.9;59.5;59.8;60.3;59.9;60.2;60.3;59.9;60.2;30.01;30.01;0.0;0.05;0.09
IBLUMENA15;America/Sao_Paulo;2020-07-07T14:14:47Z;2020-07-07 11:14:47;1594131287;-26.80653;-49.092304;124.9;1.0;162;99.0;99.0;99.0;-1;60.3;59.9;1.1;0.0;0.1;1.1;0.0;0.1;59.9;59.5;59.7;60.3;59.9;60.1;60.3;59.9;60.1;30.01;30.01;0.0;0.0;0.09
IBLUMENA15;America/Sao_Paulo;2020-07-07T14:19:51Z;2020-07-07 11:19:51;1594131591;-26.80653;-49.092304;102.8;1.0;164;99.0;99.0;99.0;-1;60.3;60.1;0.7;0.0;0.1;1.1;0.0;0.2;59.9;59.7;59.8;60.3;60.1;60.2;60.3;60.1;60.2;30.02;30.0;-0.11;0.0;0.09
IBLUMENA15;America/Sao_Paulo;2020-07-07T14:24:55Z;2020-07-07 11:24:55;1594131895;-26.80653;-49.092304;91.0;0.0;162;99.0;99.0;99.0;-1;60.4;60.3;0.9;0.0;0.2;1.1;0.0;0.4;60.1;59.9;60.1;60.4;60.3;60.4;60.4;60.3;60.4;30.01;30.0;0.0;0.0;0.09
IBLUMENA15;America/Sao_Paulo;2020-07-07T14:29:59Z;2020-07-07 11:29:59;1594132199;-26.80653;-49.092304;135.3;1.0;133;99.0;99.0;99.0;-1;60.4;60.1;1.8;0.0;0.5;2.2;0.0;0.8;60.1;59.7;59.9;60.4;60.1;60.2;60.4;60.1;60.2;30.01;30.0;0.04;0.0;0.09
IBLUMENA15;America/Sao_Paulo;2020-07-07T14:34:47Z;2020-07-07 11:34:47;1594132487;-26.80653;-49.092304;127.5;1.0;139;99.0;99.0;99.0;-1;60.3;60.3;1.1;0.0;0.5;1.1;0.0;0.6;59.9;59.9;59.9;60.3;60.3;60.3;60.3;60.3;60.3;30.01;30.0;0.0;0.0;0.09
IBLUMENA15;America/Sao_Paulo;2020-07-07T14:39:51Z;2020-07-07 11:39:51;1594132791;-26.80653;-49.092304;102.3;1.0;160;99.0;99.0;99.0;-1;60.6;60.3;0.9;0.0;0.2;1.1;0.0;0.6;60.3;59.9;60.1;60.6;60.3;60.4;60.6;60.3;60.4;30.0;30.0;-0.04;0.0;0.09
IBLUMENA15;America/Sao_Paulo;2020-07-07T14:44:55Z;2020-07-07 11:44:55;1594133095;-26.80653;-49.092304;131.9;1.0;143;99.0;99.0;99.0;-1;60.8;60.6;0.7;0.0;0.0;1.1;0.0;0.1;60.4;60.3;60.4;60.8;60.6;60.7;60.8;60.6;60.7;30.0;30.0;0.0;0.0;0.09
IBLUMENA15;America/Sao_Paulo;2020-07-07T14:49:59Z;2020-07-07 11:49:59;1594133399;-26.80653;-49.092304;134.4;1.0;150;99.0;99.0;99.0;-1;61.0;60.8;0.0;0.0;0.0;0.0;0.0;0.0;60.6;60.4;60.4;61.0;60.8;60.8;61.0;60.8;60.8;30.0;29.99;0.04;0.0;0.09
IBLUMENA15;America/Sao_Paulo;2020-07-07T14:54:47Z;2020-07-07 11:54:47;1594133687;-26.80653;-49.092304;122.3;1.0;144;99.0;99.0;99.0;-1;61.3;61.0;0.2;0.0;0.0;1.1;0.0;0.0;61.0;60.6;60.9;61.3;61.0;61.2;61.3;61.0;61.2;30.0;29.99;0.0;0.0;0.09
IBLUMENA15;America/Sao_Paulo;2020-07-07T14:59:51Z;2020-07-07 11:59:51;1594133991;-26.80653;-49.092304;128.0;1.0;141;99.0;99.0;99.0;-1;61.3;61.2;0.2;0.0;0.0;1.1;0.0;0.0;61.0;60.8;60.9;61.3;61.2;61.2;61.3;61.2;61.2;30.0;29.99;-0.11;0.0;0.09
IBLUMENA15;America/Sao_Paulo;2020-07-07T15:04:55Z;2020-07-07 12:04:55;1594134295;-26.80653;-49.092304;128.8;1.0;140;99.0;99.0;99.0;-1;61.5;61.0;1.1;0.0;0.3;1.1;0.0;0.5;61.2;60.6;61.1;61.5;61.0;61.4;61.5;61.0;61.4;30.01;29.99;0.15;0.0;0.09
IBLUMENA15;America/Sao_Paulo;2020-07-07T15:09:59Z;2020-07-07 12:09:59;1594134599;-26.80653;-49.092304;98.8;0.0;125;99.0;98.0;98.8;-1;60.8;60.8;1.3;0.0;0.7;2.2;0.0;1.0;60.4;60.3;60.4;60.8;60.8;60.8;60.8;60.8;60.8;30.01;29.99;-0.23;0.0;0.09
IBLUMENA15;America/Sao_Paulo;2020-07-07T15:14:47Z;2020-07-07 12:14:47;1594134887;-26.80653;-49.092304;102.3;1.0;137;98.0;98.0;98.0;-1;61.0;60.6;1.1;0.0;0.3;1.1;0.0;0.6;60.4;60.1;60.3;61.0;60.6;60.8;61.0;60.6;60.8;29.99;29.99;0.08;0.0;0.09
IBLUMENA15;America/Sao_Paulo;2020-07-07T15:19:51Z;2020-07-07 12:19:51;1594135191;-26.80653;-49.092304;92.4;0.0;150;98.0;97.0;97.5;-1;61.3;61.0;0.0;0.0;0.0;0.0;0.0;0.0;60.6;60.4;60.5;61.3;61.0;61.2;61.3;61.0;61.2;29.99;29.98;-0.18;0.0;0.09
IBLUMENA15;America/Sao_Paulo;2020-07-07T15:24:55Z;2020-07-07 12:24:55;1594135495;-26.80653;-49.092304;108.9;1.0;152;97.0;96.0;96.0;-1;61.3;61.3;0.2;0.0;0.0;1.1;0.0;0.1;60.6;60.3;60.3;61.3;61.3;61.3;61.3;61.3;61.3;29.99;29.98;0.14;0.0;0.09
IBLUMENA15;America/Sao_Paulo;2020-07-07T15:29:59Z;2020-07-07 12:29:59;1594135799;-26.80653;-49.092304;103.6;1.0;159;97.0;96.0;96.2;-1;61.5;61.3;0.9;0.0;0.3;1.1;0.0;0.8;60.6;60.3;60.4;61.5;61.3;61.3;61.5;61.3;61.3;29.99;29.98;-0.1;0.0;0.09
IBLUMENA15;America/Sao_Paulo;2020-07-07T15:34:47Z;2020-07-07 12:34:47;1594136087;-26.80653;-49.092304;105.8;1.0;159;96.0;96.0;96.0;-1;61.7;61.5;0.4;0.0;0.0;1.1;0.0;0.1;60.6;60.4;60.4;61.7;61.5;61.5;61.7;61.5;61.5;29.99;29.97;-0.12;0.0;0.09
IBLUMENA15;America/Sao_Paulo;2020-07-07T15:39:51Z;2020-07-07 12:39:51;1594136391;-26.80653;-49.092304;105.8;1.0;144;97.0;96.0;96.2;-1;61.9;61.7;0.7;0.0;0.2;1.1;0.0;0.5;61.2;60.6;60.8;61.9;61.7;61.8;61.9;61.7;61.8;29.99;29.97;0.04;0.0;0.09
IBLUMENA15;America/Sao_Paulo;2020-07-07T15:44:55Z;2020-07-07 12:44:55;1594136695;-26.80653;-49.092304;103.6;1.0;134;97.0;96.0;96.0;-1;61.9;61.7;2.0;0.0;0.8;2.2;0.0;1.1;61.0;60.6;60.7;61.9;61.7;61.8;61.9;61.7;61.8;29.98;29.97;-0.08;0.0;0.09
IBLUMENA15;America/Sao_Paulo;2020-07-07T15:49:59Z;2020-07-07 12:49:59;1594136999;-26.80653;-49.092304;102.3;1.0;132;97.0;96.0;96.2;-1;61.9;61.7;1.8;0.0;0.5;2.2;0.0;0.8;61.2;60.6;60.9;61.9;61.7;61.9;61.9;61.7;61.9;29.97;29.97;-0.04;0.0;0.09
IBLUMENA15;America/Sao_Paulo;2020-07-07T15:54:47Z;2020-07-07 12:54:47;1594137287;-26.80653;-49.092304;123.2;1.0;128;96.0;95.0;95.6;-1;62.1;61.9;2.0;0.0;0.8;2.2;0.0;1.1;61.0;60.4;60.8;62.1;61.9;62.0;62.1;61.9;62.0;29.97;29.96;-0.08;0.0;0.09
IBLUMENA15;America/Sao_Paulo;2020-07-07T15:59:51Z;2020-07-07 12:59:51;1594137591;-26.80653;-49.092304;143.1;1.0;132;96.0;95.0;95.1;-1;62.2;61.9;1.3;0.0;0.5;2.2;0.0;0.8;60.8;60.4;60.6;62.2;61.9;62.0;62.2;61.9;62.0;29.96;29.96;-0.08;0.0;0.09
IBLUMENA15;America/Sao_Paulo;2020-07-07T16:04:55Z;2020-07-07 13:04:55;1594137895;-26.80653;-49.092304;141.4;1.0;127;95.0;94.0;94.3;-1;62.4;62.1;1.8;0.0;0.7;2.2;0.0;1.0;60.8;60.1;60.4;62.4;62.1;62.2;62.4;62.1;62.2;29.96;29.95;-0.11;0.0;0.09
IBLUMENA15;America/Sao_Paulo;2020-07-07T16:09:59Z;2020-07-07 13:09:59;1594138199;-26.80653;-49.092304;118.4;1.0;152;94.0;93.0;93.8;-1;62.6;62.4;1.1;0.0;0.5;1.1;0.0;0.9;60.6;60.4;60.5;62.6;62.4;62.5;62.6;62.4;62.5;29.95;29.94;0.0;0.0;0.09
IBLUMENA15;America/Sao_Paulo;2020-07-07T16:14:47Z;2020-07-07 13:14:47;1594138487;-26.80653;-49.092304;130.9;1.0;155;94.0;92.0;92.7;-1;62.8;62.6;0.9;0.0;0.2;1.1;0.0;0.6;60.6;60.3;60.4;62.8;62.6;62.7;62.8;62.6;62.7;29.95;29.94;-0.04;0.0;0.09
IBLUMENA15;America/Sao_Paulo;2020-07-07T16:19:51Z;2020-07-07 13:19:51;1594138791;-26.80653;-49.092304;141.8;1.0;126;93.0;92.0;92.4;-1;63.3;62.8;1.3;0.0;0.2;2.2;0.0;0.3;61.2;60.4;60.7;63.3;62.8;63.0;63.3;62.8;63.0;29.94;29.93;-0.19;0.0;0.09
IBLUMENA15;America/Sao_Paulo;2020-07-07T16:24:55Z;2020-07-07 13:24:55;1594139095;-26.80653;-49.092304;135.3;1.0;132;94.0;92.0;93.0;-1;63.3;63.1;1.1;0.0;0.3;1.1;0.0;0.5;61.2;61.0;61.0;63.3;63.1;63.1;63.3;63.1;63.1;29.93;29.93;0.04;0.0;0.09
IBLUMENA15;America/Sao_Paulo;2020-07-07T16:29:59Z;2020-07-07 13:29:59;1594139399;-26.80653;-49.092304;132.2;1.0;135;94.0;93.0;93.3;-1;63.5;63.3;1.8;0.0;0.4;2.2;0.0;0.6;61.5;61.2;61.3;63.5;63.3;63.5;63.5;63.3;63.5;29.93;29.92;-0.08;0.0;0.09
IBLUMENA15;America/Sao_Paulo;2020-07-07T16:34:47Z;2020-07-07 13:34:47;1594139687;-26.80653;-49.092304;143.1;1.0;92;94.0;94.0;94.0;-1;63.5;63.0;2.9;1.3;1.9;4.5;2.2;2.7;61.5;61.0;61.2;63.5;63.0;63.2;63.5;63.0;63.2;29.93;29.91;-0.23;0.07;0.1
IBLUMENA15;America/Sao_Paulo;2020-07-07T16:39:51Z;2020-07-07 13:39:51;1594139991;-26.80653;-49.092304;146.6;1.0;98;95.0;94.0;94.4;-1;63.0;63.0;3.6;0.9;2.1;4.5;1.1;2.7;61.5;61.0;61.2;63.0;63.0;63.0;63.0;63.0;63.0;29.92;29.91;0.0;0.07;0.1
IBLUMENA15;America/Sao_Paulo;2020-07-07T16:44:55Z;2020-07-07 13:44:55;1594140295;-26.80653;-49.092304;120.1;1.0;124;95.0;94.0;94.2;-1;63.0;63.0;2.5;0.0;1.3;3.4;0.0;1.7;61.5;61.0;61.1;63.0;63.0;63.0;63.0;63.0;63.0;29.91;29.9;0.04;0.07;0.1
IBLUMENA15;America/Sao_Paulo;2020-07-07T16:49:59Z;2020-07-07 13:49:59;1594140599;-26.80653;-49.092304;109.2;1.0;120;95.0;94.0;94.0;-1;63.0;63.0;2.2;0.0;1.1;2.2;0.0;1.5;61.5;61.0;61.0;63.0;63.0;63.0;63.0;63.0;63.0;29.91;29.9;-0.08;0.0;0.1
IBLUMENA15;America/Sao_Paulo;2020-07-07T16:54:47Z;2020-07-07 13:54:47;1594140887;-26.80653;-49.092304;111.0;1.0;122;95.0;94.0;94.1;-1;63.0;62.8;2.5;0.2;1.3;3.4;1.1;1.9;61.3;60.8;61.0;63.0;62.8;62.9;63.0;62.8;62.9;29.91;29.9;-0.04;0.0;0.1
IBLUMENA15;America/Sao_Paulo;2020-07-07T16:59:51Z;2020-07-07 13:59:51;1594141191;-26.80653;-49.092304;98.0;0.0;138;95.0;94.0;94.1;-1;63.0;62.8;1.1;0.0;0.7;1.1;0.0;1.0;61.3;60.8;60.9;63.0;62.8;62.8;63.0;62.8;62.8;29.91;29.9;-0.04;0.0;0.1
IBLUMENA15;America/Sao_Paulo;2020-07-07T17:04:55Z;2020-07-07 14:04:55;1594141495;-26.80653;-49.092304;79.8;0.0;164;94.0;93.0;93.9;-1;62.8;62.8;2.5;0.0;0.7;3.4;0.0;1.1;60.8;60.6;60.8;62.8;62.8;62.8;62.8;62.8;62.8;29.91;29.89;0.08;0.0;0.1
IBLUMENA15;America/Sao_Paulo;2020-07-07T17:09:59Z;2020-07-07 14:09:59;1594141799;-26.80653;-49.092304;66.3;0.0;178;94.0;93.0;93.9;-1;63.0;62.8;2.2;0.0;1.1;2.2;0.0;1.5;61.0;60.8;61.0;63.0;62.8;63.0;63.0;62.8;63.0;29.91;29.91;0.04;0.0;0.1
IBLUMENA15;America/Sao_Paulo;2020-07-07T17:14:47Z;2020-07-07 14:14:47;1594142087;-26.80653;-49.092304;55.9;0.0;173;94.0;93.0;93.8;-1;63.1;63.0;2.0;0.0;1.0;2.2;0.0;1.3;61.2;61.0;61.1;63.1;63.0;63.0;63.1;63.0;63.0;29.92;29.91;0.08;0.0;0.1
IBLUMENA15;America/Sao_Paulo;2020-07-07T17:19:51Z;2020-07-07 14:19:51;1594142391;-26.80653;-49.092304;66.3;0.0;176;94.0;93.0;93.0;-1;63.1;62.8;2.0;0.0;1.0;2.2;0.0;1.2;61.0;60.6;60.8;63.1;62.8;63.0;63.1;62.8;63.0;29.92;29.91;-0.04;0.0;0.1
IBLUMENA15;America/Sao_Paulo;2020-07-07T17:24:55Z;2020-07-07 14:24:55;1594142695;-26.80653;-49.092304;64.6;0.0;176;95.0;93.0;94.0;-1;63.1;63.0;2.2;0.9;1.4;2.2;1.1;1.7;61.7;60.8;61.1;63.1;63.0;63.0;63.1;63.0;63.0;29.92;29.91;0.04;0.0;0.1
IBLUMENA15;America/Sao_Paulo;2020-07-07T17:29:59Z;2020-07-07 14:29:59;1594142999;-26.80653;-49.092304;67.7;0.0;197;95.0;94.0;94.2;-1;63.1;63.0;3.6;0.9;2.0;4.5;1.1;2.7;61.7;61.0;61.2;63.1;63.0;63.1;63.1;63.0;63.1;29.92;29.92;0.0;0.0;0.1
IBLUMENA15;America/Sao_Paulo;2020-07-07T17:34:47Z;2020-07-07 14:34:47;1594143287;-26.80653;-49.092304;61.5;0.0;190;95.0;94.0;94.7;-1;63.0;63.0;3.1;0.7;1.9;3.4;1.1;2.4;61.5;61.0;61.3;63.0;63.0;63.0;63.0;63.0;63.0;29.92;29.91;0.0;0.0;0.1
IBLUMENA15;America/Sao_Paulo;2020-07-07T17:39:51Z;2020-07-07 14:39:51;1594143591;-26.80653;-49.092304;61.5;0.0;177;95.0;94.0;94.9;-1;63.0;63.0;2.2;0.4;1.2;2.2;1.1;1.6;61.5;61.0;61.5;63.0;63.0;63.0;63.0;63.0;63.0;29.92;29.91;-0.04;0.0;0.1
IBLUMENA15;America/Sao_Paulo;2020-07-07T17:44:55Z;2020-07-07 14:44:55;1594143895;-26.80653;-49.092304;55.9;0.0;175;95.0;94.0;94.3;-1;63.0;63.0;2.2;0.0;1.0;2.2;0.0;1.3;61.5;61.0;61.1;63.0;63.0;63.0;63.0;63.0;63.0;29.92;29.91;0.0;0.0;0.1
IBLUMENA15;America/Sao_Paulo;2020-07-07T17:49:59Z;2020-07-07 14:49:59;1594144199;-26.80653;-49.092304;56.3;0.0;174;95.0;94.0;94.4;-1;63.1;63.0;2.2;0.0;0.7;2.2;0.0;1.1;61.7;61.0;61.3;63.1;63.0;63.0;63.1;63.0;63.0;29.92;29.91;0.0;0.0;0.1
IBLUMENA15;America/Sao_Paulo;2020-07-07T17:54:47Z;2020-07-07 14:54:47;1594144487;-26.80653;-49.092304;59.8;0.0;154;94.0;94.0;94.0;-1;63.1;63.1;1.1;0.0;0.5;1.1;0.0;0.8;61.2;61.2;61.2;63.1;63.1;63.1;63.1;63.1;63.1;29.92;29.91;0.0;0.0;0.1
IBLUMENA15;America/Sao_Paulo;2020-07-07T17:59:51Z;2020-07-07 14:59:51;1594144791;-26.80653;-49.092304;52.0;0.0;149;94.0;94.0;94.0;-1;63.3;63.1;0.4;0.0;0.1;1.1;0.0;0.3;61.3;61.2;61.2;63.3;63.1;63.1;63.3;63.1;63.1;29.91;29.9;-0.04;0.0;0.1
IBLUMENA15;America/Sao_Paulo;2020-07-07T18:04:55Z;2020-07-07 15:04:55;1594145095;-26.80653;-49.092304;52.5;0.0;146;94.0;94.0;94.0;-1;63.3;63.3;0.9;0.0;0.2;1.1;0.0;0.4;61.3;61.3;61.3;63.3;63.3;63.3;63.3;63.3;63.3;29.91;29.9;-0.08;0.0;0.1
IBLUMENA15;America/Sao_Paulo;2020-07-07T18:09:59Z;2020-07-07 15:09:59;1594145399;-26.80653;-49.092304;55.9;0.0;152;94.0;93.0;94.0;-1;63.3;63.3;0.7;0.0;0.1;1.1;0.0;0.4;61.3;61.2;61.3;63.3;63.3;63.3;63.3;63.3;63.3;29.91;29.9;0.0;0.0;0.1
IBLUMENA15;America/Sao_Paulo;2020-07-07T18:14:47Z;2020-07-07 15:14:47;1594145687;-26.80653;-49.092304;55.1;0.0;163;94.0;93.0;93.2;-1;63.3;63.3;1.1;0.0;0.6;1.1;0.0;0.9;61.3;61.2;61.2;63.3;63.3;63.3;63.3;63.3;63.3;29.91;29.9;0.0;0.0;0.1
IBLUMENA15;America/Sao_Paulo;2020-07-07T18:19:51Z;2020-07-07 15:19:51;1594145991;-26.80653;-49.092304;60.7;0.0;161;94.0;93.0;93.7;-1;63.5;63.3;0.0;0.0;0.0;0.0;0.0;0.0;61.5;61.3;61.4;63.5;63.3;63.4;63.5;63.3;63.4;29.9;29.89;-0.11;0.0;0.1
IBLUMENA15;America/Sao_Paulo;2020-07-07T18:24:55Z;2020-07-07 15:24:55;1594146295;-26.80653;-49.092304;55.9;0.0;158;93.0;93.0;93.0;-1;63.5;63.3;0.0;0.0;0.0;0.0;0.0;0.0;61.3;61.2;61.2;63.5;63.3;63.3;63.5;63.3;63.3;29.9;29.89;0.08;0.0;0.1
IBLUMENA15;America/Sao_Paulo;2020-07-07T18:29:59Z;2020-07-07 15:29:59;1594146599;-26.80653;-49.092304;56.3;0.0;157;93.0;93.0;93.0;-1;63.5;63.3;0.0;0.0;0.0;0.0;0.0;0.0;61.3;61.2;61.3;63.5;63.3;63.5;63.5;63.3;63.5;29.9;29.89;-0.04;0.0;0.1
IBLUMENA15;America/Sao_Paulo;2020-07-07T18:34:47Z;2020-07-07 15:34:47;1594146887;-26.80653;-49.092304;59.0;0.0;157;94.0;93.0;93.1;-1;63.5;63.5;0.0;0.0;0.0;0.0;0.0;0.0;61.5;61.3;61.3;63.5;63.5;63.5;63.5;63.5;63.5;29.9;29.89;-0.08;0.0;0.1
IBLUMENA15;America/Sao_Paulo;2020-07-07T18:39:51Z;2020-07-07 15:39:51;1594147191;-26.80653;-49.092304;64.1;0.0;151;94.0;93.0;93.7;-1;63.7;63.5;0.9;0.0;0.3;1.1;0.0;0.4;61.7;61.3;61.6;63.7;63.5;63.6;63.7;63.5;63.6;29.89;29.89;-0.04;0.0;0.1
IBLUMENA15;America/Sao_Paulo;2020-07-07T18:44:55Z;2020-07-07 15:44:55;1594147495;-26.80653;-49.092304;63.7;0.0;131;94.0;93.0;93.6;-1;63.5;63.5;1.6;0.0;0.5;2.2;0.0;0.9;61.5;61.3;61.4;63.5;63.5;63.5;63.5;63.5;63.5;29.9;29.89;0.04;0.0;0.1
IBLUMENA15;America/Sao_Paulo;2020-07-07T18:49:59Z;2020-07-07 15:49:59;1594147799;-26.80653;-49.092304;59.0;0.0;140;94.0;93.0;93.5;-1;63.5;63.3;0.4;0.0;0.1;1.1;0.0;0.6;61.5;61.3;61.4;63.5;63.3;63.5;63.5;63.3;63.5;29.9;29.89;-0.04;0.0;0.1
IBLUMENA15;America/Sao_Paulo;2020-07-07T18:54:47Z;2020-07-07 15:54:47;1594148087;-26.80653;-49.092304;53.3;0.0;117;94.0;94.0;94.0;-1;63.5;63.3;1.8;0.0;1.3;2.2;0.0;1.6;61.5;61.3;61.4;63.5;63.3;63.4;63.5;63.3;63.4;29.9;29.89;0.04;0.0;0.1
IBLUMENA15;America/Sao_Paulo;2020-07-07T18:59:51Z;2020-07-07 15:59:51;1594148391;-26.80653;-49.092304;53.3;0.0;118;94.0;94.0;94.0;-1;63.3;63.3;2.2;0.9;1.3;2.2;1.1;1.8;61.3;61.3;61.3;63.3;63.3;63.3;63.3;63.3;63.3;29.89;29.89;0.0;0.0;0.1
IBLUMENA15;America/Sao_Paulo;2020-07-07T19:04:55Z;2020-07-07 16:04:55;1594148695;-26.80653;-49.092304;43.8;0.0;135;94.0;94.0;94.0;-1;63.3;63.1;1.1;0.0;0.8;1.1;0.0;0.9;61.3;61.2;61.2;63.3;63.1;63.1;63.3;63.1;63.1;29.89;29.89;0.0;0.0;0.1
IBLUMENA15;America/Sao_Paulo;2020-07-07T19:09:59Z;2020-07-07 16:09:59;1594148999;-26.80653;-49.092304;51.1;0.0;132;95.0;94.0;94.3;-1;63.3;63.1;1.1;0.0;0.7;1.1;0.0;1.0;61.9;61.2;61.4;63.3;63.1;63.2;63.3;63.1;63.2;29.89;29.88;-0.08;0.0;0.1
IBLUMENA15;America/Sao_Paulo;2020-07-07T19:14:47Z;2020-07-07 16:14:47;1594149287;-26.80653;-49.092304;42.9;0.0;126;95.0;95.0;95.0;-1;63.3;63.3;1.6;0.2;1.0;2.2;1.1;1.5;61.9;61.9;61.9;63.3;63.3;63.3;63.3;63.3;63.3;29.89;29.89;0.0;0.0;0.1
IBLUMENA15;America/Sao_Paulo;2020-07-07T19:19:51Z;2020-07-07 16:19:51;1594149591;-26.80653;-49.092304;36.0;0.0;123;95.0;95.0;95.0;-1;63.3;63.3;1.8;0.2;1.0;2.2;1.1;1.5;61.9;61.9;61.9;63.3;63.3;63.3;63.3;63.3;63.3;29.89;29.88;-0.11;0.0;0.1
IBLUMENA15;America/Sao_Paulo;2020-07-07T19:24:55Z;2020-07-07 16:24:55;1594149895;-26.80653;-49.092304;39.0;0.0;119;95.0;95.0;95.0;-1;63.3;63.1;1.8;0.2;1.1;2.2;1.1;1.5;61.9;61.7;61.9;63.3;63.1;63.3;63.3;63.1;63.3;29.88;29.87;-0.04;0.0;0.1
IBLUMENA15;America/Sao_Paulo;2020-07-07T19:29:59Z;2020-07-07 16:29:59;1594150199;-26.80653;-49.092304;37.7;0.0;102;95.0;95.0;95.0;-1;63.3;63.1;2.9;0.7;1.5;3.4;1.1;1.8;61.9;61.7;61.8;63.3;63.1;63.2;63.3;63.1;63.2;29.88;29.87;0.04;0.0;0.1
IBLUMENA15;America/Sao_Paulo;2020-07-07T19:34:47Z;2020-07-07 16:34:47;1594150487;-26.80653;-49.092304;31.6;0.0;113;96.0;95.0;95.0;-1;63.1;63.1;2.7;0.9;1.5;3.4;1.1;1.9;62.1;61.7;61.7;63.1;63.1;63.1;63.1;63.1;63.1;29.88;29.87;-0.08;0.0;0.1
IBLUMENA15;America/Sao_Paulo;2020-07-07T19:39:51Z;2020-07-07 16:39:51;1594150791;-26.80653;-49.092304;29.0;0.0;121;96.0;96.0;96.0;-1;63.3;63.1;2.2;0.0;0.5;2.2;0.0;1.1;62.2;62.1;62.2;63.3;63.1;63.2;63.3;63.1;63.2;29.88;29.87;0.0;0.0;0.1
IBLUMENA15;America/Sao_Paulo;2020-07-07T19:44:55Z;2020-07-07 16:44:55;1594151095;-26.80653;-49.092304;25.6;0.0;109;96.0;96.0;96.0;-1;63.3;63.1;2.5;0.9;1.6;3.4;1.1;1.9;62.2;62.1;62.1;63.3;63.1;63.1;63.3;63.1;63.1;29.88;29.86;-0.1;0.0;0.1
IBLUMENA15;America/Sao_Paulo;2020-07-07T19:49:59Z;2020-07-07 16:49:59;1594151399;-26.80653;-49.092304;23.4;0.0;105;96.0;96.0;96.0;-1;63.1;63.0;2.2;1.1;1.7;3.4;1.1;2.3;62.1;61.9;61.9;63.1;63.0;63.0;63.1;63.0;63.0;29.87;29.86;0.03;0.0;0.1
IBLUMENA15;America/Sao_Paulo;2020-07-07T19:54:47Z;2020-07-07 16:54:47;1594151687;-26.80653;-49.092304;22.5;0.0;108;96.0;96.0;96.0;-1;63.0;63.0;2.9;0.4;1.6;3.4;1.1;2.3;61.9;61.9;61.9;63.0;63.0;63.0;63.0;63.0;63.0;29.87;29.86;0.04;0.0;0.1
IBLUMENA15;America/Sao_Paulo;2020-07-07T19:59:51Z;2020-07-07 16:59:51;1594151991;-26.80653;-49.092304;15.2;0.0;136;96.0;96.0;96.0;-1;63.0;62.8;1.3;0.0;0.5;2.2;0.0;0.7;61.9;61.7;61.7;63.0;62.8;62.8;63.0;62.8;62.8;29.87;29.87;0.0;0.0;0.1
IBLUMENA15;America/Sao_Paulo;2020-07-07T20:04:55Z;2020-07-07 17:04:55;1594152295;-26.80653;-49.092304;10.8;0.0;137;96.0;96.0;96.0;-1;62.8;62.8;1.1;0.2;0.9;1.1;1.1;1.1;61.7;61.7;61.7;62.8;62.8;62.8;62.8;62.8;62.8;29.87;29.86;-0.04;0.0;0.1
IBLUMENA15;America/Sao_Paulo;2020-07-07T20:09:59Z;2020-07-07 17:09:59;1594152599;-26.80653;-49.092304;8.2;0.0;135;96.0;96.0;96.0;-1;62.8;62.8;1.1;0.0;0.5;1.1;0.0;0.7;61.7;61.7;61.7;62.8;62.8;62.8;62.8;62.8;62.8;29.87;29.86;0.11;0.0;0.1
IBLUMENA15;America/Sao_Paulo;2020-07-07T20:14:47Z;2020-07-07 17:14:47;1594152887;-26.80653;-49.092304;5.6;0.0;150;96.0;96.0;96.0;-1;62.8;62.8;0.0;0.0;0.0;0.0;0.0;0.0;61.7;61.7;61.7;62.8;62.8;62.8;62.8;62.8;62.8;29.88;29.87;0.04;0.0;0.1
IBLUMENA15;America/Sao_Paulo;2020-07-07T20:19:51Z;2020-07-07 17:19:51;1594153191;-26.80653;-49.092304;2.9;0.0;150;96.0;96.0;96.0;-1;62.8;62.8;0.0;0.0;0.0;0.0;0.0;0.0;61.7;61.7;61.7;62.8;62.8;62.8;62.8;62.8;62.8;29.88;29.87;0.04;0.0;0.1
IBLUMENA15;America/Sao_Paulo;2020-07-07T20:24:55Z;2020-07-07 17:24:55;1594153495;-26.80653;-49.092304;2.1;0.0;150;96.0;96.0;96.0;-1;62.8;62.8;0.0;0.0;0.0;0.0;0.0;0.0;61.7;61.7;61.7;62.8;62.8;62.8;62.8;62.8;62.8;29.88;29.87;-0.04;0.0;0.1
IBLUMENA15;America/Sao_Paulo;2020-07-07T20:29:59Z;2020-07-07 17:29:59;1594153799;-26.80653;-49.092304;1.7;0.0;150;97.0;96.0;96.4;-1;62.8;62.8;0.0;0.0;0.0;0.0;0.0;0.0;62.1;61.7;61.9;62.8;62.8;62.8;62.8;62.8;62.8;29.88;29.87;-0.04;0.0;0.1
IBLUMENA15;America/Sao_Paulo;2020-07-07T20:34:47Z;2020-07-07 17:34:47;1594154087;-26.80653;-49.092304;0.4;0.0;149;97.0;97.0;97.0;-1;62.8;62.8;0.0;0.0;0.0;0.0;0.0;0.0;62.1;62.1;62.1;62.8;62.8;62.8;62.8;62.8;62.8;29.87;29.87;-0.04;0.0;0.1
IBLUMENA15;America/Sao_Paulo;2020-07-07T20:39:51Z;2020-07-07 17:39:51;1594154391;-26.80653;-49.092304;0.0;0.0;146;97.0;97.0;97.0;-1;62.8;62.6;0.7;0.0;0.0;1.1;0.0;0.0;62.1;61.9;62.1;62.8;62.6;62.8;62.8;62.6;62.8;29.87;29.86;-0.04;0.0;0.1
IBLUMENA15;America/Sao_Paulo;2020-07-07T20:44:55Z;2020-07-07 17:44:55;1594154695;-26.80653;-49.092304;0.0;0.0;128;97.0;97.0;97.0;-1;62.6;62.4;2.0;0.0;0.8;2.2;0.0;1.2;61.9;61.7;61.8;62.6;62.4;62.5;62.6;62.4;62.5;29.88;29.87;0.0;0.0;0.1
IBLUMENA15;America/Sao_Paulo;2020-07-07T20:49:59Z;2020-07-07 17:49:59;1594154999;-26.80653;-49.092304;0.0;0.0;132;97.0;97.0;97.0;-1;62.4;62.4;1.3;0.0;0.6;2.2;0.0;0.9;61.7;61.7;61.7;62.4;62.4;62.4;62.4;62.4;62.4;29.87;29.86;0.04;0.0;0.1
IBLUMENA15;America/Sao_Paulo;2020-07-07T20:54:47Z;2020-07-07 17:54:47;1594155287;-26.80653;-49.092304;0.0;0.0;117;97.0;97.0;97.0;-1;62.4;62.2;1.8;0.0;0.8;2.2;0.0;1.1;61.7;61.5;61.7;62.4;62.2;62.4;62.4;62.2;62.4;29.87;29.86;0.0;0.0;0.1
IBLUMENA15;America/Sao_Paulo;2020-07-07T20:59:51Z;2020-07-07 17:59:51;1594155591;-26.80653;-49.092304;0.0;0.0;134;98.0;97.0;97.3;-1;62.2;62.2;0.9;0.0;0.3;1.1;0.0;0.5;61.7;61.5;61.6;62.2;62.2;62.2;62.2;62.2;62.2;29.87;29.87;-0.04;0.0;0.1
IBLUMENA15;America/Sao_Paulo;2020-07-07T21:04:55Z;2020-07-07 18:04:55;1594155895;-26.80653;-49.092304;0.0;0.0;134;98.0;98.0;98.0;-1;62.2;62.1;1.1;0.0;0.3;1.1;0.0;0.5;61.7;61.5;61.7;62.2;62.1;62.2;62.2;62.1;62.2;29.87;29.87;0.08;0.0;0.1
IBLUMENA15;America/Sao_Paulo;2020-07-07T21:09:59Z;2020-07-07 18:09:59;1594156199;-26.80653;-49.092304;0.0;0.0;131;98.0;98.0;98.0;-1;62.1;62.1;1.1;0.0;0.6;1.1;0.0;0.8;61.5;61.5;61.5;62.1;62.1;62.1;62.1;62.1;62.1;29.88;29.86;-0.08;0.0;0.1
IBLUMENA15;America/Sao_Paulo;2020-07-07T21:14:47Z;2020-07-07 18:14:47;1594156487;-26.80653;-49.092304;0.0;0.0;135;99.0;98.0;98.4;-1;62.1;62.1;0.7;0.0;0.1;1.1;0.0;0.4;61.7;61.5;61.6;62.1;62.1;62.1;62.1;62.1;62.1;29.87;29.86;0.04;0.0;0.1
IBLUMENA15;America/Sao_Paulo;2020-07-07T21:19:51Z;2020-07-07 18:19:51;1594156791;-26.80653;-49.092304;0.0;0.0;130;99.0;99.0;99.0;-1;62.1;61.9;1.3;0.0;0.5;2.2;0.0;0.7;61.7;61.5;61.7;62.1;61.9;62.1;62.1;61.9;62.1;29.88;29.86;-0.08;0.0;0.1
IBLUMENA15;America/Sao_Paulo;2020-07-07T21:24:55Z;2020-07-07 18:24:55;1594157095;-26.80653;-49.092304;0.0;0.0;132;99.0;99.0;99.0;-1;61.9;61.9;1.1;0.0;0.8;1.1;0.0;1.1;61.5;61.5;61.5;61.9;61.9;61.9;61.9;61.9;61.9;29.87;29.86;0.04;0.0;0.1
IBLUMENA15;America/Sao_Paulo;2020-07-07T21:29:59Z;2020-07-07 18:29:59;1594157399;-26.80653;-49.092304;0.0;0.0;141;99.0;99.0;99.0;-1;61.7;61.7;0.7;0.0;0.1;1.1;0.0;0.4;61.3;61.3;61.3;61.7;61.7;61.7;61.7;61.7;61.7;29.87;29.86;-0.04;0.0;0.1
IBLUMENA15;America/Sao_Paulo;2020-07-07T21:34:47Z;2020-07-07 18:34:47;1594157687;-26.80653;-49.092304;0.0;0.0;138;99.0;99.0;99.0;-1;61.7;61.5;1.1;0.0;0.4;1.1;0.0;0.6;61.3;61.2;61.3;61.7;61.5;61.7;61.7;61.5;61.7;29.87;29.86;0.0;0.0;0.1
IBLUMENA15;America/Sao_Paulo;2020-07-07T21:39:51Z;2020-07-07 18:39:51;1594157991;-26.80653;-49.092304;0.0;0.0;141;99.0;99.0;99.0;-1;61.5;61.5;0.7;0.0;0.2;1.1;0.0;0.4;61.2;61.2;61.2;61.5;61.5;61.5;61.5;61.5;61.5;29.87;29.86;0.0;0.0;0.1
IBLUMENA15;America/Sao_Paulo;2020-07-07T21:44:55Z;2020-07-07 18:44:55;1594158295;-26.80653;-49.092304;0.0;0.0;140;99.0;99.0;99.0;-1;61.5;61.5;1.1;0.0;0.3;1.1;0.0;0.6;61.2;61.2;61.2;61.5;61.5;61.5;61.5;61.5;61.5;29.87;29.86;0.04;0.0;0.1
IBLUMENA15;America/Sao_Paulo;2020-07-07T21:49:59Z;2020-07-07 18:49:59;1594158599;-26.80653;-49.092304;0.0;0.0;140;99.0;99.0;99.0;-1;61.5;61.5;1.1;0.0;0.7;1.1;0.0;1.0;61.2;61.2;61.2;61.5;61.5;61.5;61.5;61.5;61.5;29.87;29.86;-0.04;0.0;0.1
IBLUMENA15;America/Sao_Paulo;2020-07-07T21:54:47Z;2020-07-07 18:54:47;1594158887;-26.80653;-49.092304;0.0;0.0;140;99.0;99.0;99.0;-1;61.5;61.3;1.1;0.0;0.6;1.1;0.0;1.0;61.2;61.0;61.1;61.5;61.3;61.4;61.5;61.3;61.4;29.87;29.86;0.12;0.0;0.1
IBLUMENA15;America/Sao_Paulo;2020-07-07T21:59:51Z;2020-07-07 18:59:51;1594159191;-26.80653;-49.092304;0.0;0.0;136;99.0;99.0;99.0;-1;61.3;61.3;1.3;0.0;0.8;2.2;0.0;1.1;61.0;61.0;61.0;61.3;61.3;61.3;61.3;61.3;61.3;29.87;29.86;0.0;0.0;0.1
IBLUMENA15;America/Sao_Paulo;2020-07-07T22:04:55Z;2020-07-07 19:04:55;1594159495;-26.80653;-49.092304;0.0;0.0;138;99.0;99.0;99.0;-1;61.3;61.3;0.9;0.0;0.3;1.1;0.0;0.6;61.0;61.0;61.0;61.3;61.3;61.3;61.3;61.3;61.3;29.87;29.86;0.0;0.0;0.1
IBLUMENA15;America/Sao_Paulo;2020-07-07T22:09:59Z;2020-07-07 19:09:59;1594159799;-26.80653;-49.092304;0.0;0.0;155;99.0;99.0;99.0;-1;61.3;61.2;0.9;0.0;0.2;1.1;0.0;0.5;61.0;60.8;60.9;61.3;61.2;61.3;61.3;61.2;61.3;29.87;29.87;0.0;0.0;0.1
IBLUMENA15;America/Sao_Paulo;2020-07-07T22:14:47Z;2020-07-07 19:14:47;1594160087;-26.80653;-49.092304;0.0;0.0;155;99.0;99.0;99.0;-1;61.2;61.2;0.2;0.0;0.0;1.1;0.0;0.1;60.8;60.8;60.8;61.2;61.2;61.2;61.2;61.2;61.2;29.88;29.87;-0.04;0.0;0.1
IBLUMENA15;America/Sao_Paulo;2020-07-07T22:19:51Z;2020-07-07 19:19:51;1594160391;-26.80653;-49.092304;0.0;0.0;149;99.0;99.0;99.0;-1;61.3;61.2;0.2;0.0;0.0;1.1;0.0;0.2;61.0;60.8;60.9;61.3;61.2;61.3;61.3;61.2;61.3;29.87;29.86;0.0;0.0;0.1
IBLUMENA15;America/Sao_Paulo;2020-07-07T22:24:55Z;2020-07-07 19:24:55;1594160695;-26.80653;-49.092304;0.0;0.0;149;99.0;99.0;99.0;-1;61.3;61.3;0.0;0.0;0.0;0.0;0.0;0.0;61.0;61.0;61.0;61.3;61.3;61.3;61.3;61.3;61.3;29.87;29.86;-0.08;0.0;0.1
IBLUMENA15;America/Sao_Paulo;2020-07-07T22:29:43Z;2020-07-07 19:29:43;1594160983;-26.80653;-49.092304;0.0;0.0;150;99.0;99.0;99.0;-1;61.3;61.3;0.0;0.0;0.0;0.0;0.0;0.0;61.0;61.0;61.0;61.3;61.3;61.3;61.3;61.3;61.3;29.87;29.86;0.08;0.0;0.1
IBLUMENA15;America/Sao_Paulo;2020-07-07T22:34:47Z;2020-07-07 19:34:47;1594161287;-26.80653;-49.092304;0.0;0.0;149;99.0;99.0;99.0;-1;61.3;61.3;0.0;0.0;0.0;0.0;0.0;0.0;61.0;61.0;61.0;61.3;61.3;61.3;61.3;61.3;61.3;29.87;29.86;-0.08;0.0;0.1
IBLUMENA15;America/Sao_Paulo;2020-07-07T22:39:51Z;2020-07-07 19:39:51;1594161591;-26.80653;-49.092304;0.0;0.0;149;99.0;99.0;99.0;-1;61.3;61.3;0.0;0.0;0.0;0.0;0.0;0.0;61.0;61.0;61.0;61.3;61.3;61.3;61.3;61.3;61.3;29.86;29.86;-0.06;0.0;0.1
IBLUMENA15;America/Sao_Paulo;2020-07-07T22:44:55Z;2020-07-07 19:44:55;1594161895;-26.80653;-49.092304;0.0;0.0;150;99.0;99.0;99.0;-1;61.3;61.3;0.0;0.0;0.0;0.0;0.0;0.0;61.0;61.0;61.0;61.3;61.3;61.3;61.3;61.3;61.3;29.86;29.86;0.06;0.0;0.1
IBLUMENA15;America/Sao_Paulo;2020-07-07T22:49:59Z;2020-07-07 19:49:59;1594162199;-26.80653;-49.092304;0.0;0.0;149;99.0;99.0;99.0;-1;61.3;61.3;0.0;0.0;0.0;0.0;0.0;0.0;61.0;61.0;61.0;61.3;61.3;61.3;61.3;61.3;61.3;29.86;29.86;0.0;0.0;0.1
IBLUMENA15;America/Sao_Paulo;2020-07-07T22:54:47Z;2020-07-07 19:54:47;1594162487;-26.80653;-49.092304;0.0;0.0;150;99.0;99.0;99.0;-1;61.3;61.3;0.0;0.0;0.0;0.0;0.0;0.0;61.0;61.0;61.0;61.3;61.3;61.3;61.3;61.3;61.3;29.87;29.85;0.0;0.0;0.1
IBLUMENA15;America/Sao_Paulo;2020-07-07T22:59:51Z;2020-07-07 19:59:51;1594162791;-26.80653;-49.092304;0.0;0.0;157;99.0;99.0;99.0;-1;61.3;61.3;1.1;0.0;0.4;2.2;0.0;0.7;61.0;61.0;61.0;61.3;61.3;61.3;61.3;61.3;61.3;29.87;29.86;0.0;0.0;0.1
IBLUMENA15;America/Sao_Paulo;2020-07-07T23:04:55Z;2020-07-07 20:04:55;1594163095;-26.80653;-49.092304;0.0;0.0;165;99.0;99.0;99.0;-1;61.3;61.3;1.1;0.7;1.1;1.1;1.1;1.1;61.0;61.0;61.0;61.3;61.3;61.3;61.3;61.3;61.3;29.87;29.86;0.0;0.0;0.1
IBLUMENA15;America/Sao_Paulo;2020-07-07T23:09:59Z;2020-07-07 20:09:59;1594163399;-26.80653;-49.092304;0.0;0.0;166;99.0;99.0;99.0;-1;61.3;61.3;0.7;0.0;0.1;1.1;0.0;0.6;61.0;61.0;61.0;61.3;61.3;61.3;61.3;61.3;61.3;29.87;29.86;-0.06;0.0;0.1
IBLUMENA15;America/Sao_Paulo;2020-07-07T23:14:47Z;2020-07-07 20:14:47;1594163687;-26.80653;-49.092304;0.0;0.0;163;99.0;99.0;99.0;-1;61.5;61.3;0.0;0.0;0.0;0.0;0.0;0.0;61.2;61.0;61.1;61.5;61.3;61.4;61.5;61.3;61.4;29.87;29.86;0.07;0.0;0.1
IBLUMENA15;America/Sao_Paulo;2020-07-07T23:19:51Z;2020-07-07 20:19:51;1594163991;-26.80653;-49.092304;0.0;0.0;163;99.0;99.0;99.0;-1;61.5;61.5;0.0;0.0;0.0;0.0;0.0;0.0;61.2;61.2;61.2;61.5;61.5;61.5;61.5;61.5;61.5;29.86;29.86;-0.06;0.0;0.1
IBLUMENA15;America/Sao_Paulo;2020-07-07T23:24:55Z;2020-07-07 20:24:55;1594164295;-26.80653;-49.092304;0.0;0.0;162;99.0;99.0;99.0;-1;61.5;61.5;0.0;0.0;0.0;0.0;0.0;0.0;61.2;61.2;61.2;61.5;61.5;61.5;61.5;61.5;61.5;29.86;29.86;0.04;0.0;0.1
IBLUMENA15;America/Sao_Paulo;2020-07-07T23:29:59Z;2020-07-07 20:29:59;1594164599;-26.80653;-49.092304;0.0;0.0;162;99.0;99.0;99.0;-1;61.5;61.3;0.0;0.0;0.0;0.0;0.0;0.0;61.2;61.0;61.1;61.5;61.3;61.4;61.5;61.3;61.4;29.86;29.86;-0.08;0.0;0.1
IBLUMENA15;America/Sao_Paulo;2020-07-07T23:34:47Z;2020-07-07 20:34:47;1594164887;-26.80653;-49.092304;0.0;0.0;162;99.0;99.0;99.0;-1;61.5;61.3;0.0;0.0;0.0;0.0;0.0;0.0;61.2;61.0;61.1;61.5;61.3;61.4;61.5;61.3;61.4;29.86;29.86;0.11;0.0;0.1
IBLUMENA15;America/Sao_Paulo;2020-07-07T23:39:51Z;2020-07-07 20:39:51;1594165191;-26.80653;-49.092304;0.0;0.0;162;99.0;99.0;99.0;-1;61.5;61.5;0.0;0.0;0.0;0.0;0.0;0.0;61.2;61.2;61.2;61.5;61.5;61.5;61.5;61.5;61.5;29.86;29.86;0.0;0.0;0.1
IBLUMENA15;America/Sao_Paulo;2020-07-07T23:44:55Z;2020-07-07 20:44:55;1594165495;-26.80653;-49.092304;0.0;0.0;162;99.0;99.0;99.0;-1;61.5;61.5;0.0;0.0;0.0;0.0;0.0;0.0;61.2;61.2;61.2;61.5;61.5;61.5;61.5;61.5;61.5;29.86;29.86;-0.03;0.0;0.1
IBLUMENA15;America/Sao_Paulo;2020-07-07T23:49:59Z;2020-07-07 20:49:59;1594165799;-26.80653;-49.092304;0.0;0.0;162;99.0;99.0;99.0;-1;61.5;61.5;0.0;0.0;0.0;0.0;0.0;0.0;61.2;61.2;61.2;61.5;61.5;61.5;61.5;61.5;61.5;29.86;29.86;0.03;0.0;0.1
IBLUMENA15;America/Sao_Paulo;2020-07-07T23:54:47Z;2020-07-07 20:54:47;1594166087;-26.80653;-49.092304;0.0;0.0;162;99.0;99.0;99.0;-1;61.5;61.5;0.0;0.0;0.0;0.0;0.0;0.0;61.2;61.2;61.2;61.5;61.5;61.5;61.5;61.5;61.5;29.86;29.86;-0.03;0.0;0.1
IBLUMENA15;America/Sao_Paulo;2020-07-07T23:59:51Z;2020-07-07 20:59:51;1594166391;-26.80653;-49.092304;0.0;0.0;162;99.0;99.0;99.0;-1;61.5;61.5;0.0;0.0;0.0;0.0;0.0;0.0;61.2;61.2;61.2;61.5;61.5;61.5;61.5;61.5;61.5;29.87;29.86;0.06;0.0;0.1
IBLUMENA15;America/Sao_Paulo;2020-07-08T00:04:55Z;2020-07-07 21:04:55;1594166695;-26.80653;-49.092304;0.0;0.0;162;99.0;99.0;99.0;-1;61.5;61.5;0.0;0.0;0.0;0.0;0.0;0.0;61.2;61.2;61.2;61.5;61.5;61.5;61.5;61.5;61.5;29.87;29.86;-0.04;0.0;0.1
IBLUMENA15;America/Sao_Paulo;2020-07-08T00:09:59Z;2020-07-07 21:09:59;1594166999;-26.80653;-49.092304;0.0;0.0;162;99.0;99.0;99.0;-1;61.5;61.3;0.7;0.0;0.1;1.1;0.0;0.2;61.2;61.0;61.2;61.5;61.3;61.5;61.5;61.3;61.5;29.86;29.86;-0.03;0.0;0.1
IBLUMENA15;America/Sao_Paulo;2020-07-08T00:14:47Z;2020-07-07 21:14:47;1594167287;-26.80653;-49.092304;0.0;0.0;162;99.0;99.0;99.0;-1;61.5;61.3;0.9;0.0;0.2;1.1;0.0;0.3;61.2;61.0;61.1;61.5;61.3;61.4;61.5;61.3;61.4;29.87;29.86;0.0;0.0;0.1
IBLUMENA15;America/Sao_Paulo;2020-07-08T00:24:55Z;2020-07-07 21:24:55;1594167895;-26.80653;-49.092304;0.0;0.0;162;99.0;99.0;99.0;-1;61.5;61.5;0.0;0.0;0.0;0.0;0.0;0.0;61.2;61.2;61.2;61.5;61.5;61.5;61.5;61.5;61.5;29.87;29.86;-0.04;0.0;0.1
IBLUMENA15;America/Sao_Paulo;2020-07-08T00:29:59Z;2020-07-07 21:29:59;1594168199;-26.80653;-49.092304;0.0;0.0;162;99.0;99.0;99.0;-1;61.3;61.3;0.0;0.0;0.0;0.0;0.0;0.0;61.0;61.0;61.0;61.3;61.3;61.3;61.3;61.3;61.3;29.87;29.86;0.1;0.0;0.1
IBLUMENA15;America/Sao_Paulo;2020-07-08T00:34:47Z;2020-07-07 21:34:47;1594168487;-26.80653;-49.092304;0.0;0.0;162;99.0;99.0;99.0;-1;61.3;61.3;0.0;0.0;0.0;0.0;0.0;0.0;61.0;61.0;61.0;61.3;61.3;61.3;61.3;61.3;61.3;29.87;29.86;-0.11;0.0;0.1
IBLUMENA15;America/Sao_Paulo;2020-07-08T00:39:51Z;2020-07-07 21:39:51;1594168791;-26.80653;-49.092304;0.0;0.0;162;99.0;99.0;99.0;-1;61.3;61.3;0.9;0.0;0.1;1.1;0.0;0.4;61.0;61.0;61.0;61.3;61.3;61.3;61.3;61.3;61.3;29.86;29.86;0.06;0.0;0.1
IBLUMENA15;America/Sao_Paulo;2020-07-08T00:44:55Z;2020-07-07 21:44:55;1594169095;-26.80653;-49.092304;0.0;0.0;147;99.0;99.0;99.0;-1;61.3;61.2;1.1;0.0;0.6;1.1;0.0;1.0;61.0;60.8;60.8;61.3;61.2;61.2;61.3;61.2;61.2;29.86;29.85;-0.03;0.0;0.1
IBLUMENA15;America/Sao_Paulo;2020-07-08T00:49:59Z;2020-07-07 21:49:59;1594169399;-26.80653;-49.092304;0.0;0.0;136;99.0;99.0;99.0;-1;61.2;61.2;0.2;0.0;0.0;1.1;0.0;0.1;60.8;60.8;60.8;61.2;61.2;61.2;61.2;61.2;61.2;29.86;29.85;-0.04;0.0;0.1
IBLUMENA15;America/Sao_Paulo;2020-07-08T00:54:47Z;2020-07-07 21:54:47;1594169687;-26.80653;-49.092304;0.0;0.0;137;99.0;99.0;99.0;-1;61.2;61.2;0.0;0.0;0.0;0.0;0.0;0.0;60.8;60.8;60.8;61.2;61.2;61.2;61.2;61.2;61.2;29.86;29.85;-0.04;0.0;0.1
IBLUMENA15;America/Sao_Paulo;2020-07-08T00:59:51Z;2020-07-07 21:59:51;1594169991;-26.80653;-49.092304;0.0;0.0;137;99.0;99.0;99.0;-1;61.2;61.2;0.0;0.0;0.0;0.0;0.0;0.0;60.8;60.8;60.8;61.2;61.2;61.2;61.2;61.2;61.2;29.86;29.85;-0.04;0.0;0.1
IBLUMENA15;America/Sao_Paulo;2020-07-08T01:04:55Z;2020-07-07 22:04:55;1594170295;-26.80653;-49.092304;0.0;0.0;139;99.0;99.0;99.0;-1;61.2;61.2;0.0;0.0;0.0;0.0;0.0;0.0;60.8;60.8;60.8;61.2;61.2;61.2;61.2;61.2;61.2;29.85;29.85;0.0;0.0;0.1
IBLUMENA15;America/Sao_Paulo;2020-07-08T01:09:59Z;2020-07-07 22:09:59;1594170599;-26.80653;-49.092304;0.0;0.0;139;99.0;99.0;99.0;-1;61.2;61.2;0.0;0.0;0.0;0.0;0.0;0.0;60.8;60.8;60.8;61.2;61.2;61.2;61.2;61.2;61.2;29.86;29.85;0.04;0.0;0.1
IBLUMENA15;America/Sao_Paulo;2020-07-08T01:14:47Z;2020-07-07 22:14:47;1594170887;-26.80653;-49.092304;0.0;0.0;140;99.0;99.0;99.0;-1;61.2;61.2;0.0;0.0;0.0;0.0;0.0;0.0;60.8;60.8;60.8;61.2;61.2;61.2;61.2;61.2;61.2;29.86;29.85;-0.04;0.0;0.1
IBLUMENA15;America/Sao_Paulo;2020-07-08T01:19:51Z;2020-07-07 22:19:51;1594171191;-26.80653;-49.092304;0.0;0.0;141;99.0;99.0;99.0;-1;61.2;61.2;1.1;0.0;0.4;1.1;0.0;0.7;60.8;60.8;60.8;61.2;61.2;61.2;61.2;61.2;61.2;29.86;29.85;0.08;0.0;0.1
IBLUMENA15;America/Sao_Paulo;2020-07-08T01:24:55Z;2020-07-07 22:24:55;1594171495;-26.80653;-49.092304;0.0;0.0;142;99.0;99.0;99.0;-1;61.3;61.2;1.1;0.0;0.4;1.1;0.0;0.7;61.0;60.8;61.0;61.3;61.2;61.3;61.3;61.2;61.3;29.87;29.86;0.0;0.0;0.1
IBLUMENA15;America/Sao_Paulo;2020-07-08T01:29:59Z;2020-07-07 22:29:59;1594171799;-26.80653;-49.092304;0.0;0.0;143;99.0;99.0;99.0;-1;61.3;61.3;0.0;0.0;0.0;0.0;0.0;0.0;61.0;61.0;61.0;61.3;61.3;61.3;61.3;61.3;61.3;29.86;29.85;-0.11;0.0;0.1
IBLUMENA15;America/Sao_Paulo;2020-07-08T01:34:47Z;2020-07-07 22:34:47;1594172087;-26.80653;-49.092304;0.0;0.0;161;99.0;99.0;99.0;-1;61.3;61.2;1.3;0.0;0.3;2.2;0.0;0.4;61.0;60.8;60.9;61.3;61.2;61.2;61.3;61.2;61.2;29.86;29.85;0.16;0.0;0.1
IBLUMENA15;America/Sao_Paulo;2020-07-08T01:39:51Z;2020-07-07 22:39:51;1594172391;-26.80653;-49.092304;0.0;0.0;171;99.0;99.0;99.0;-1;61.3;61.3;1.6;0.0;0.7;2.2;0.0;0.9;61.0;61.0;61.0;61.3;61.3;61.3;61.3;61.3;61.3;29.86;29.85;-0.04;0.0;0.1
IBLUMENA15;America/Sao_Paulo;2020-07-08T01:44:55Z;2020-07-07 22:44:55;1594172695;-26.80653;-49.092304;0.0;0.0;161;99.0;99.0;99.0;-1;61.3;61.3;0.0;0.0;0.0;0.0;0.0;0.0;61.0;61.0;61.0;61.3;61.3;61.3;61.3;61.3;61.3;29.86;29.86;-0.04;0.0;0.1
IBLUMENA15;America/Sao_Paulo;2020-07-08T01:49:59Z;2020-07-07 22:49:59;1594172999;-26.80653;-49.092304;0.0;0.0;162;99.0;99.0;99.0;-1;61.3;61.3;1.1;0.0;0.2;1.1;0.0;0.4;61.0;61.0;61.0;61.3;61.3;61.3;61.3;61.3;61.3;29.86;29.85;0.08;0.0;0.1
IBLUMENA15;America/Sao_Paulo;2020-07-08T01:54:47Z;2020-07-07 22:54:47;1594173287;-26.80653;-49.092304;0.0;0.0;161;99.0;99.0;99.0;-1;61.3;61.3;0.0;0.0;0.0;0.0;0.0;0.0;61.0;61.0;61.0;61.3;61.3;61.3;61.3;61.3;61.3;29.86;29.85;-0.12;0.0;0.1
IBLUMENA15;America/Sao_Paulo;2020-07-08T01:59:51Z;2020-07-07 22:59:51;1594173591;-26.80653;-49.092304;0.0;0.0;161;99.0;99.0;99.0;-1;61.3;61.3;0.0;0.0;0.0;0.0;0.0;0.0;61.0;61.0;61.0;61.3;61.3;61.3;61.3;61.3;61.3;29.86;29.85;-0.04;0.0;0.1
IBLUMENA15;America/Sao_Paulo;2020-07-08T02:04:55Z;2020-07-07 23:04:55;1594173895;-26.80653;-49.092304;0.0;0.0;163;99.0;99.0;99.0;-1;61.3;61.3;1.1;0.0;0.6;1.1;0.0;0.7;61.0;61.0;61.0;61.3;61.3;61.3;61.3;61.3;61.3;29.86;29.85;0.04;0.0;0.1
IBLUMENA15;America/Sao_Paulo;2020-07-08T02:09:59Z;2020-07-07 23:09:59;1594174199;-26.80653;-49.092304;0.0;0.0;164;99.0;99.0;99.0;-1;61.3;61.3;1.1;0.0;0.3;1.1;0.0;0.4;61.0;61.0;61.0;61.3;61.3;61.3;61.3;61.3;61.3;29.85;29.85;-0.08;0.0;0.1
IBLUMENA15;America/Sao_Paulo;2020-07-08T02:14:47Z;2020-07-07 23:14:47;1594174487;-26.80653;-49.092304;0.0;0.0;164;99.0;99.0;99.0;-1;61.3;61.3;0.0;0.0;0.0;0.0;0.0;0.0;61.0;61.0;61.0;61.3;61.3;61.3;61.3;61.3;61.3;29.85;29.85;0.08;0.0;0.1
IBLUMENA15;America/Sao_Paulo;2020-07-08T02:19:51Z;2020-07-07 23:19:51;1594174791;-26.80653;-49.092304;0.0;0.0;164;99.0;99.0;99.0;-1;61.3;61.3;0.0;0.0;0.0;0.0;0.0;0.0;61.0;61.0;61.0;61.3;61.3;61.3;61.3;61.3;61.3;29.85;29.85;0.0;0.0;0.1
IBLUMENA15;America/Sao_Paulo;2020-07-08T02:24:55Z;2020-07-07 23:24:55;1594175095;-26.80653;-49.092304;0.0;0.0;141;99.0;99.0;99.0;-1;61.3;61.3;1.1;0.0;0.3;1.1;0.0;0.4;61.0;61.0;61.0;61.3;61.3;61.3;61.3;61.3;61.3;29.85;29.84;-0.08;0.0;0.1
IBLUMENA15;America/Sao_Paulo;2020-07-08T02:29:59Z;2020-07-07 23:29:59;1594175399;-26.80653;-49.092304;0.0;0.0;138;99.0;99.0;99.0;-1;61.3;61.3;1.1;0.0;0.3;1.1;0.0;0.4;61.0;61.0;61.0;61.3;61.3;61.3;61.3;61.3;61.3;29.85;29.84;0.04;0.0;0.1
IBLUMENA15;America/Sao_Paulo;2020-07-08T02:34:47Z;2020-07-07 23:34:47;1594175687;-26.80653;-49.092304;0.0;0.0;141;99.0;99.0;99.0;-1;61.3;61.3;0.2;0.0;0.0;1.1;0.0;0.1;61.0;61.0;61.0;61.3;61.3;61.3;61.3;61.3;61.3;29.85;29.84;-0.2;0.0;0.1
IBLUMENA15;America/Sao_Paulo;2020-07-08T02:39:51Z;2020-07-07 23:39:51;1594175991;-26.80653;-49.092304;0.0;0.0;141;99.0;99.0;99.0;-1;61.3;61.3;0.0;0.0;0.0;0.0;0.0;0.0;61.0;61.0;61.0;61.3;61.3;61.3;61.3;61.3;61.3;29.85;29.84;0.08;0.0;0.1
IBLUMENA15;America/Sao_Paulo;2020-07-08T02:44:55Z;2020-07-07 23:44:55;1594176295;-26.80653;-49.092304;0.0;0.0;139;99.0;99.0;99.0;-1;61.3;61.3;1.1;0.0;0.7;1.1;0.0;1.1;61.0;61.0;61.0;61.3;61.3;61.3;61.3;61.3;61.3;29.84;29.83;-0.11;0.0;0.1
IBLUMENA15;America/Sao_Paulo;2020-07-08T02:49:59Z;2020-07-07 23:49:59;1594176599;-26.80653;-49.092304;0.0;0.0;140;99.0;99.0;99.0;-1;61.3;61.3;0.2;0.0;0.0;1.1;0.0;0.1;61.0;61.0;61.0;61.3;61.3;61.3;61.3;61.3;61.3;29.84;29.83;0.08;0.0;0.1
IBLUMENA15;America/Sao_Paulo;2020-07-08T02:54:47Z;2020-07-07 23:54:47;1594176887;-26.80653;-49.092304;0.0;0.0;141;99.0;99.0;99.0;-1;61.3;61.3;0.2;0.0;0.0;1.1;0.0;0.2;61.0;61.0;61.0;61.3;61.3;61.3;61.3;61.3;61.3;29.84;29.84;0.0;0.0;0.1
IBLUMENA15;America/Sao_Paulo;2020-07-08T02:59:51Z;2020-07-07 23:59:51;1594177191;-26.80653;-49.092304;0.0;0.0;144;99.0;99.0;99.0;-1;61.3;61.3;0.0;0.0;0.0;0.0;0.0;0.0;61.0;61.0;61.0;61.3;61.3;61.3;61.3;61.3;61.3;29.84;29.83;-0.08;0.0;0.1
