IBLUMENA15;America/Sao_Paulo;2020-07-10T03:04:53Z;2020-07-10 00:04:53;1594350293;-26.80653;-49.092304;0.0;0.0;132;99.0;99.0;99.0;-1;46.9;46.8;0.9;0.0;0.3;1.1;0.0;0.7;46.6;46.4;46.6;46.9;46.8;46.9;46.9;46.8;46.9;30.23;30.22;0.0;0.0;0.0
IBLUMENA15;America/Sao_Paulo;2020-07-10T03:09:57Z;2020-07-10 00:09:57;1594350597;-26.80653;-49.092304;0.0;0.0;133;99.0;99.0;99.0;-1;46.9;46.8;0.0;0.0;0.0;0.0;0.0;0.0;46.6;46.4;46.4;46.9;46.8;46.8;46.9;46.8;46.8;30.23;30.22;0.04;0.0;0.0
IBLUMENA15;America/Sao_Paulo;2020-07-10T03:14:45Z;2020-07-10 00:14:45;1594350885;-26.80653;-49.092304;0.0;0.0;133;99.0;99.0;99.0;-1;46.8;46.6;0.0;0.0;0.0;0.0;0.0;0.0;46.4;46.2;46.3;46.8;46.6;46.7;46.8;46.6;46.7;30.23;30.22;-0.08;0.0;0.0
IBLUMENA15;America/Sao_Paulo;2020-07-10T03:19:49Z;2020-07-10 00:19:49;1594351189;-26.80653;-49.092304;0.0;0.0;133;99.0;99.0;99.0;-1;46.8;46.2;1.1;0.0;0.2;1.1;0.0;0.3;46.4;45.9;46.2;46.8;46.2;46.6;46.8;46.2;46.6;30.23;30.22;0.0;0.0;0.0
IBLUMENA15;America/Sao_Paulo;2020-07-10T03:24:53Z;2020-07-10 00:24:53;1594351493;-26.80653;-49.092304;0.0;0.0;133;99.0;99.0;99.0;-1;46.2;46.2;0.7;0.0;0.1;1.1;0.0;0.2;45.9;45.9;45.9;46.2;46.2;46.2;46.2;46.2;46.2;30.22;30.22;0.0;0.0;0.0
IBLUMENA15;America/Sao_Paulo;2020-07-10T03:29:57Z;2020-07-10 00:29:57;1594351797;-26.80653;-49.092304;0.0;0.0;133;99.0;99.0;99.0;-1;46.2;46.2;0.0;0.0;0.0;0.0;0.0;0.0;45.9;45.9;45.9;46.2;46.2;46.2;46.2;46.2;46.2;30.23;30.22;0.08;0.0;0.0
IBLUMENA15;America/Sao_Paulo;2020-07-10T03:34:45Z;2020-07-10 00:34:45;1594352085;-26.80653;-49.092304;0.0;0.0;134;99.0;99.0;99.0;-1;46.6;46.2;0.0;0.0;0.0;0.0;0.0;0.0;46.2;45.9;46.0;46.6;46.2;46.4;46.6;46.2;46.4;30.23;30.22;-0.08;0.0;0.0
IBLUMENA15;America/Sao_Paulo;2020-07-10T03:39:49Z;2020-07-10 00:39:49;1594352389;-26.80653;-49.092304;0.0;0.0;134;99.0;99.0;99.0;-1;46.6;46.2;0.0;0.0;0.0;0.0;0.0;0.0;46.2;45.9;46.1;46.6;46.2;46.5;46.6;46.2;46.5;30.22;30.21;0.04;0.0;0.0
IBLUMENA15;America/Sao_Paulo;2020-07-10T03:44:53Z;2020-07-10 00:44:53;1594352693;-26.80653;-49.092304;0.0;0.0;134;99.0;99.0;99.0;-1;46.4;46.2;0.7;0.0;0.0;1.1;0.0;0.1;46.0;45.9;45.9;46.4;46.2;46.3;46.4;46.2;46.3;30.22;30.22;-0.04;0.0;0.0
IBLUMENA15;America/Sao_Paulo;2020-07-10T03:49:57Z;2020-07-10 00:49:57;1594352997;-26.80653;-49.092304;0.0;0.0;133;99.0;99.0;99.0;-1;46.4;45.7;0.9;0.0;0.1;1.1;0.0;0.3;46.0;45.3;45.6;46.4;45.7;46.0;46.4;45.7;46.0;30.22;30.21;-0.04;0.0;0.0
IBLUMENA15;America/Sao_Paulo;2020-07-10T03:54:45Z;2020-07-10 00:54:45;1594353285;-26.80653;-49.092304;0.0;0.0;134;99.0;99.0;99.0;-1;45.7;45.7;0.0;0.0;0.0;0.0;0.0;0.0;45.3;45.3;45.3;45.7;45.7;45.7;45.7;45.7;45.7;30.22;30.21;-0.04;0.0;0.0
IBLUMENA15;America/Sao_Paulo;2020-07-10T03:59:49Z;2020-07-10 00:59:49;1594353589;-26.80653;-49.092304;0.0;0.0;134;99.0;99.0;99.0;-1;45.5;45.5;0.0;0.0;0.0;0.0;0.0;0.0;45.1;45.1;45.1;45.5;45.5;45.5;45.5;45.5;45.5;30.22;30.21;-0.08;0.0;0.0
IBLUMENA15;America/Sao_Paulo;2020-07-10T04:04:53Z;2020-07-10 01:04:53;1594353893;-26.80653;-49.092304;0.0;0.0;134;99.0;99.0;99.0;-1;45.7;45.5;0.0;0.0;0.0;0.0;0.0;0.0;45.3;45.1;45.2;45.7;45.5;45.6;45.7;45.5;45.6;30.22;30.21;0.04;0.0;0.0
IBLUMENA15;America/Sao_Paulo;2020-07-10T04:09:57Z;2020-07-10 01:09:57;1594354197;-26.80653;-49.092304;0.0;0.0;134;99.0;99.0;99.0;-1;45.7;45.1;0.2;0.0;0.0;1.1;0.0;0.1;45.3;44.8;45.1;45.7;45.1;45.5;45.7;45.1;45.5;30.22;30.21;0.08;0.0;0.0
IBLUMENA15;America/Sao_Paulo;2020-07-10T04:14:45Z;2020-07-10 01:14:45;1594354485;-26.80653;-49.092304;0.0;0.0;134;99.0;99.0;99.0;-1;45.3;45.1;0.2;0.0;0.1;1.1;0.0;0.3;45.0;44.8;44.9;45.3;45.1;45.2;45.3;45.1;45.2;30.22;30.21;0.04;0.0;0.0
IBLUMENA15;America/Sao_Paulo;2020-07-10T04:19:49Z;2020-07-10 01:19:49;1594354789;-26.80653;-49.092304;0.0;0.0;134;99.0;99.0;99.0;-1;45.3;45.1;0.0;0.0;0.0;0.0;0.0;0.0;45.0;44.8;45.0;45.3;45.1;45.3;45.3;45.1;45.3;30.22;30.21;-0.04;0.0;0.0
IBLUMENA15;America/Sao_Paulo;2020-07-10T04:24:53Z;2020-07-10 01:24:53;1594355093;-26.80653;-49.092304;0.0;0.0;134;99.0;99.0;99.0;-1;45.1;45.0;0.0;0.0;0.0;0.0;0.0;0.0;44.8;44.6;44.7;45.1;45.0;45.0;45.1;45.0;45.0;30.22;30.21;0.0;0.0;0.0
IBLUMENA15;America/Sao_Paulo;2020-07-10T04:29:57Z;2020-07-10 01:29:57;1594355397;-26.80653;-49.092304;0.0;0.0;134;99.0;99.0;99.0;-1;45.1;45.0;0.0;0.0;0.0;0.0;0.0;0.0;44.8;44.6;44.8;45.1;45.0;45.1;45.1;45.0;45.1;30.22;30.21;0.0;0.0;0.0
IBLUMENA15;America/Sao_Paulo;2020-07-10T04:34:45Z;2020-07-10 01:34:45;1594355685;-26.80653;-49.092304;0.0;0.0;134;99.0;99.0;99.0;-1;45.9;45.1;0.4;0.0;0.1;1.1;0.0;0.6;45.5;44.8;45.1;45.9;45.1;45.5;45.9;45.1;45.5;30.22;30.21;-0.04;0.0;0.0
IBLUMENA15;America/Sao_Paulo;2020-07-10T04:39:49Z;2020-07-10 01:39:49;1594355989;-26.80653;-49.092304;0.0;0.0;134;99.0;99.0;99.0;-1;45.9;45.5;0.2;0.0;0.0;1.1;0.0;0.2;45.5;45.1;45.3;45.9;45.5;45.7;45.9;45.5;45.7;30.21;30.21;0.0;0.0;0.0
IBLUMENA15;America/Sao_Paulo;2020-07-10T04:44:53Z;2020-07-10 01:44:53;1594356293;-26.80653;-49.092304;0.0;0.0;134;99.0;99.0;99.0;-1;45.5;44.8;0.9;0.0;0.3;1.1;0.0;0.6;45.1;44.4;44.9;45.5;44.8;45.2;45.5;44.8;45.2;30.21;30.21;0.0;0.0;0.0
IBLUMENA15;America/Sao_Paulo;2020-07-10T04:49:57Z;2020-07-10 01:49:57;1594356597;-26.80653;-49.092304;0.0;0.0;134;99.0;99.0;99.0;-1;44.8;44.8;0.0;0.0;0.0;0.0;0.0;0.0;44.4;44.4;44.4;44.8;44.8;44.8;44.8;44.8;44.8;30.22;30.21;0.0;0.0;0.0
IBLUMENA15;America/Sao_Paulo;2020-07-10T04:54:45Z;2020-07-10 01:54:45;1594356885;-26.80653;-49.092304;0.0;0.0;134;99.0;99.0;99.0;-1;44.8;44.6;0.0;0.0;0.0;0.0;0.0;0.0;44.4;44.2;44.2;44.8;44.6;44.6;44.8;44.6;44.6;30.22;30.21;-0.08;0.0;0.0
IBLUMENA15;America/Sao_Paulo;2020-07-10T04:59:49Z;2020-07-10 01:59:49;1594357189;-26.80653;-49.092304;0.0;0.0;134;99.0;99.0;99.0;-1;45.1;44.8;0.0;0.0;0.0;0.0;0.0;0.0;44.8;44.4;44.5;45.1;44.8;44.9;45.1;44.8;44.9;30.21;30.2;0.04;0.0;0.0
IBLUMENA15;America/Sao_Paulo;2020-07-10T05:04:53Z;2020-07-10 02:04:53;1594357493;-26.80653;-49.092304;0.0;0.0;134;99.0;99.0;99.0;-1;45.1;45.0;0.0;0.0;0.0;0.0;0.0;0.0;44.8;44.6;44.7;45.1;45.0;45.1;45.1;45.0;45.1;30.22;30.21;0.0;0.0;0.0
IBLUMENA15;America/Sao_Paulo;2020-07-10T05:09:57Z;2020-07-10 02:09:57;1594357797;-26.80653;-49.092304;0.0;0.0;134;99.0;99.0;99.0;-1;45.0;45.0;0.0;0.0;0.0;0.0;0.0;0.0;44.6;44.6;44.6;45.0;45.0;45.0;45.0;45.0;45.0;30.22;30.21;0.04;0.0;0.0
IBLUMENA15;America/Sao_Paulo;2020-07-10T05:19:49Z;2020-07-10 02:19:49;1594358389;-26.80653;-49.092304;0.0;0.0;134;99.0;99.0;99.0;-1;45.5;45.3;0.2;0.0;0.0;1.1;0.0;0.1;45.1;45.0;45.1;45.5;45.3;45.5;45.5;45.3;45.5;30.22;30.21;-0.04;0.0;0.0
IBLUMENA15;America/Sao_Paulo;2020-07-10T05:24:53Z;2020-07-10 02:24:53;1594358693;-26.80653;-49.092304;0.0;0.0;134;99.0;99.0;99.0;-1;45.5;45.5;0.2;0.0;0.0;1.1;0.0;0.0;45.1;45.1;45.1;45.5;45.5;45.5;45.5;45.5;45.5;30.21;30.2;-0.11;0.0;0.0
IBLUMENA15;America/Sao_Paulo;2020-07-10T05:29:57Z;2020-07-10 02:29:57;1594358997;-26.80653;-49.092304;0.0;0.0;134;99.0;99.0;99.0;-1;45.7;45.5;0.0;0.0;0.0;0.0;0.0;0.0;45.3;45.1;45.2;45.7;45.5;45.6;45.7;45.5;45.6;30.21;30.2;0.04;0.0;0.0
IBLUMENA15;America/Sao_Paulo;2020-07-10T05:34:45Z;2020-07-10 02:34:45;1594359285;-26.80653;-49.092304;0.0;0.0;134;99.0;99.0;99.0;-1;46.0;45.7;0.0;0.0;0.0;0.0;0.0;0.0;45.7;45.3;45.6;46.0;45.7;45.9;46.0;45.7;45.9;30.21;30.2;-0.12;0.0;0.0
IBLUMENA15;America/Sao_Paulo;2020-07-10T05:39:49Z;2020-07-10 02:39:49;1594359589;-26.80653;-49.092304;0.0;0.0;134;99.0;99.0;99.0;-1;46.2;46.0;0.9;0.0;0.5;1.1;0.0;0.8;45.9;45.7;45.9;46.2;46.0;46.2;46.2;46.0;46.2;30.2;30.2;0.08;0.0;0.0
IBLUMENA15;America/Sao_Paulo;2020-07-10T05:44:53Z;2020-07-10 02:44:53;1594359893;-26.80653;-49.092304;0.0;0.0;129;99.0;99.0;99.0;-1;46.2;46.0;1.3;0.0;0.8;2.2;0.0;1.2;45.9;45.7;45.8;46.2;46.0;46.1;46.2;46.0;46.1;30.21;30.2;0.04;0.0;0.0
IBLUMENA15;America/Sao_Paulo;2020-07-10T05:49:57Z;2020-07-10 02:49:57;1594360197;-26.80653;-49.092304;0.0;0.0;130;99.0;99.0;99.0;-1;46.4;46.2;0.2;0.0;0.0;1.1;0.0;0.0;46.0;45.9;45.9;46.4;46.2;46.3;46.4;46.2;46.3;30.21;30.2;-0.11;0.0;0.0
IBLUMENA15;America/Sao_Paulo;2020-07-10T05:54:45Z;2020-07-10 02:54:45;1594360485;-26.80653;-49.092304;0.0;0.0;129;99.0;99.0;99.0;-1;46.6;46.4;1.1;0.0;0.4;1.1;0.0;1.0;46.2;46.0;46.1;46.6;46.4;46.5;46.6;46.4;46.5;30.21;30.2;0.12;0.0;0.0
IBLUMENA15;America/Sao_Paulo;2020-07-10T05:59:49Z;2020-07-10 02:59:49;1594360789;-26.80653;-49.092304;0.0;0.0;130;99.0;99.0;99.0;-1;46.6;46.6;0.9;0.0;0.2;1.1;0.0;0.6;46.2;46.2;46.2;46.6;46.6;46.6;46.6;46.6;46.6;30.21;30.2;-0.04;0.0;0.0
IBLUMENA15;America/Sao_Paulo;2020-07-10T06:04:53Z;2020-07-10 03:04:53;1594361093;-26.80653;-49.092304;0.0;0.0;130;99.0;99.0;99.0;-1;46.8;46.6;0.2;0.0;0.0;1.1;0.0;0.1;46.4;46.2;46.3;46.8;46.6;46.7;46.8;46.6;46.7;30.21;30.2;-0.04;0.0;0.0
IBLUMENA15;America/Sao_Paulo;2020-07-10T06:09:57Z;2020-07-10 03:09:57;1594361397;-26.80653;-49.092304;0.0;0.0;129;99.0;99.0;99.0;-1;46.9;46.8;0.9;0.0;0.5;1.1;0.0;0.9;46.6;46.4;46.6;46.9;46.8;46.9;46.9;46.8;46.9;30.21;30.2;0.11;0.0;0.0
IBLUMENA15;America/Sao_Paulo;2020-07-10T06:14:45Z;2020-07-10 03:14:45;1594361685;-26.80653;-49.092304;0.0;0.0;130;99.0;99.0;99.0;-1;46.9;46.9;1.1;0.0;0.5;1.1;0.0;0.9;46.6;46.6;46.6;46.9;46.9;46.9;46.9;46.9;46.9;30.21;30.2;-0.04;0.0;0.0
IBLUMENA15;America/Sao_Paulo;2020-07-10T06:19:49Z;2020-07-10 03:19:49;1594361989;-26.80653;-49.092304;0.0;0.0;130;99.0;99.0;99.0;-1;47.1;46.9;0.2;0.0;0.0;1.1;0.0;0.1;46.8;46.6;46.7;47.1;46.9;47.0;47.1;46.9;47.0;30.21;30.21;0.04;0.0;0.0
IBLUMENA15;America/Sao_Paulo;2020-07-10T06:24:53Z;2020-07-10 03:24:53;1594362293;-26.80653;-49.092304;0.0;0.0;130;99.0;99.0;99.0;-1;47.1;47.1;0.9;0.0;0.4;1.1;0.0;0.9;46.8;46.8;46.8;47.1;47.1;47.1;47.1;47.1;47.1;30.21;30.2;0.0;0.0;0.0
IBLUMENA15;America/Sao_Paulo;2020-07-10T06:29:57Z;2020-07-10 03:29:57;1594362597;-26.80653;-49.092304;0.0;0.0;125;99.0;99.0;99.0;-1;47.3;47.1;2.2;0.0;0.9;2.2;0.0;1.3;46.9;46.8;46.8;47.3;47.1;47.1;47.3;47.1;47.1;30.21;30.2;-0.11;0.0;0.0
IBLUMENA15;America/Sao_Paulo;2020-07-10T06:34:45Z;2020-07-10 03:34:45;1594362885;-26.80653;-49.092304;0.0;0.0;126;99.0;99.0;99.0;-1;47.3;47.1;1.1;0.0;0.7;1.1;0.0;1.1;46.9;46.8;46.8;47.3;47.1;47.1;47.3;47.1;47.1;30.21;30.2;0.08;0.0;0.0
IBLUMENA15;America/Sao_Paulo;2020-07-10T06:39:49Z;2020-07-10 03:39:49;1594363189;-26.80653;-49.092304;0.0;0.0;122;99.0;99.0;99.0;-1;47.1;47.1;1.3;0.7;1.1;2.2;1.1;1.2;46.8;46.8;46.8;47.1;47.1;47.1;47.1;47.1;47.1;30.21;30.2;0.0;0.0;0.0
IBLUMENA15;America/Sao_Paulo;2020-07-10T06:44:53Z;2020-07-10 03:44:53;1594363493;-26.80653;-49.092304;0.0;0.0;117;99.0;99.0;99.0;-1;47.1;47.1;1.3;0.0;0.9;2.2;0.0;1.1;46.8;46.8;46.8;47.1;47.1;47.1;47.1;47.1;47.1;30.21;30.2;-0.11;0.0;0.0
IBLUMENA15;America/Sao_Paulo;2020-07-10T06:49:57Z;2020-07-10 03:49:57;1594363797;-26.80653;-49.092304;0.0;0.0;148;99.0;99.0;99.0;-1;47.1;47.1;0.9;0.0;0.1;1.1;0.0;0.4;46.8;46.8;46.8;47.1;47.1;47.1;47.1;47.1;47.1;30.21;30.2;0.0;0.0;0.0
IBLUMENA15;America/Sao_Paulo;2020-07-10T06:54:45Z;2020-07-10 03:54:45;1594364085;-26.80653;-49.092304;0.0;0.0;136;99.0;99.0;99.0;-1;47.3;47.1;1.1;0.0;0.5;1.1;0.0;1.0;46.9;46.8;46.8;47.3;47.1;47.1;47.3;47.1;47.1;30.21;30.2;0.08;0.0;0.0
IBLUMENA15;America/Sao_Paulo;2020-07-10T06:59:49Z;2020-07-10 03:59:49;1594364389;-26.80653;-49.092304;0.0;0.0;129;99.0;99.0;99.0;-1;47.3;47.1;1.1;0.0;0.6;1.1;0.0;0.9;46.9;46.8;46.8;47.3;47.1;47.2;47.3;47.1;47.2;30.21;30.2;0.0;0.0;0.0
IBLUMENA15;America/Sao_Paulo;2020-07-10T07:04:53Z;2020-07-10 04:04:53;1594364693;-26.80653;-49.092304;0.0;0.0;129;99.0;99.0;99.0;-1;47.1;47.1;1.6;0.0;0.6;2.2;0.0;1.1;46.8;46.8;46.8;47.1;47.1;47.1;47.1;47.1;47.1;30.21;30.2;0.04;0.0;0.0
IBLUMENA15;America/Sao_Paulo;2020-07-10T07:09:57Z;2020-07-10 04:09:57;1594364997;-26.80653;-49.092304;0.0;0.0;128;99.0;99.0;99.0;-1;47.1;47.1;1.3;0.0;0.9;2.2;0.0;1.1;46.8;46.8;46.8;47.1;47.1;47.1;47.1;47.1;47.1;30.21;30.2;0.04;0.0;0.0
IBLUMENA15;America/Sao_Paulo;2020-07-10T07:14:45Z;2020-07-10 04:14:45;1594365285;-26.80653;-49.092304;0.0;0.0;127;99.0;99.0;99.0;-1;47.1;47.1;1.3;0.0;0.4;2.2;0.0;0.8;46.8;46.8;46.8;47.1;47.1;47.1;47.1;47.1;47.1;30.21;30.2;-0.08;0.0;0.0
IBLUMENA15;America/Sao_Paulo;2020-07-10T07:19:49Z;2020-07-10 04:19:49;1594365589;-26.80653;-49.092304;0.0;0.0;130;99.0;99.0;99.0;-1;47.1;47.1;1.1;0.0;0.5;1.1;0.0;0.7;46.8;46.8;46.8;47.1;47.1;47.1;47.1;47.1;47.1;30.21;30.2;-0.04;0.0;0.0
IBLUMENA15;America/Sao_Paulo;2020-07-10T07:24:53Z;2020-07-10 04:24:53;1594365893;-26.80653;-49.092304;0.0;0.0;127;99.0;99.0;99.0;-1;47.3;47.1;1.8;0.7;1.1;2.2;1.1;1.3;46.9;46.8;46.8;47.3;47.1;47.1;47.3;47.1;47.1;30.21;30.2;-0.04;0.0;0.0
IBLUMENA15;America/Sao_Paulo;2020-07-10T07:29:57Z;2020-07-10 04:29:57;1594366197;-26.80653;-49.092304;0.0;0.0;127;99.0;99.0;99.0;-1;47.1;47.1;1.3;0.7;1.0;2.2;1.1;1.1;46.8;46.8;46.8;47.1;47.1;47.1;47.1;47.1;47.1;30.2;30.19;0.08;0.0;0.0
IBLUMENA15;America/Sao_Paulo;2020-07-10T07:34:45Z;2020-07-10 04:34:45;1594366485;-26.80653;-49.092304;0.0;0.0;127;99.0;99.0;99.0;-1;47.1;46.9;1.1;0.0;0.6;1.1;0.0;1.0;46.8;46.6;46.7;47.1;46.9;47.0;47.1;46.9;47.0;30.2;30.2;0.0;0.0;0.0
IBLUMENA15;America/Sao_Paulo;2020-07-10T07:39:49Z;2020-07-10 04:39:49;1594366789;-26.80653;-49.092304;0.0;0.0;126;99.0;99.0;99.0;-1;47.1;46.9;1.6;0.2;1.0;2.2;1.1;1.2;46.8;46.6;46.8;47.1;46.9;47.1;47.1;46.9;47.1;30.2;30.2;-0.04;0.0;0.0
IBLUMENA15;America/Sao_Paulo;2020-07-10T07:44:53Z;2020-07-10 04:44:53;1594367093;-26.80653;-49.092304;0.0;0.0;124;99.0;99.0;99.0;-1;46.9;46.9;1.3;0.0;0.7;2.2;0.0;0.9;46.6;46.6;46.6;46.9;46.9;46.9;46.9;46.9;46.9;30.2;30.19;0.0;0.0;0.0
IBLUMENA15;America/Sao_Paulo;2020-07-10T07:49:57Z;2020-07-10 04:49:57;1594367397;-26.80653;-49.092304;0.0;0.0;122;99.0;99.0;99.0;-1;46.9;46.8;1.8;0.0;0.9;2.2;0.0;1.2;46.6;46.4;46.6;46.9;46.8;46.9;46.9;46.8;46.9;30.2;30.2;0.0;0.0;0.0
IBLUMENA15;America/Sao_Paulo;2020-07-10T07:54:45Z;2020-07-10 04:54:45;1594367685;-26.80653;-49.092304;0.0;0.0;126;99.0;99.0;99.0;-1;46.8;46.8;1.3;0.0;0.7;2.2;0.0;1.1;46.4;46.4;46.4;46.8;46.8;46.8;46.8;46.8;46.8;30.2;30.2;-0.04;0.0;0.0
IBLUMENA15;America/Sao_Paulo;2020-07-10T07:59:49Z;2020-07-10 04:59:49;1594367989;-26.80653;-49.092304;0.0;0.0;124;99.0;99.0;99.0;-1;46.9;46.8;1.8;0.0;0.8;2.2;0.0;1.0;46.6;46.4;46.5;46.9;46.8;46.8;46.9;46.8;46.8;30.21;30.2;0.11;0.0;0.0
IBLUMENA15;America/Sao_Paulo;2020-07-10T08:04:53Z;2020-07-10 05:04:53;1594368293;-26.80653;-49.092304;0.0;0.0;120;99.0;99.0;99.0;-1;46.9;46.9;2.2;0.0;0.6;2.2;0.0;0.8;46.6;46.6;46.6;46.9;46.9;46.9;46.9;46.9;46.9;30.21;30.2;0.0;0.0;0.0
IBLUMENA15;America/Sao_Paulo;2020-07-10T08:09:57Z;2020-07-10 05:09:57;1594368597;-26.80653;-49.092304;0.0;0.0;128;99.0;99.0;99.0;-1;46.9;46.9;1.1;0.0;0.8;1.1;0.0;1.1;46.6;46.6;46.6;46.9;46.9;46.9;46.9;46.9;46.9;30.21;30.2;0.0;0.0;0.0
IBLUMENA15;America/Sao_Paulo;2020-07-10T08:14:45Z;2020-07-10 05:14:45;1594368885;-26.80653;-49.092304;0.0;0.0;111;99.0;99.0;99.0;-1;46.9;46.8;2.2;1.1;1.5;2.2;1.1;2.2;46.6;46.4;46.5;46.9;46.8;46.8;46.9;46.8;46.8;30.22;30.21;0.12;0.0;0.0
IBLUMENA15;America/Sao_Paulo;2020-07-10T08:19:49Z;2020-07-10 05:19:49;1594369189;-26.80653;-49.092304;0.0;0.0;111;99.0;99.0;99.0;-1;46.8;46.6;2.2;0.4;1.4;2.2;1.1;1.7;46.4;46.2;46.3;46.8;46.6;46.7;46.8;46.6;46.7;30.22;30.21;-0.04;0.0;0.0
IBLUMENA15;America/Sao_Paulo;2020-07-10T08:24:53Z;2020-07-10 05:24:53;1594369493;-26.80653;-49.092304;0.0;0.0;126;99.0;99.0;99.0;-1;46.6;46.6;1.6;0.0;0.9;2.2;0.0;1.1;46.2;46.2;46.2;46.6;46.6;46.6;46.6;46.6;46.6;30.22;30.21;0.04;0.0;0.0
IBLUMENA15;America/Sao_Paulo;2020-07-10T08:29:57Z;2020-07-10 05:29:57;1594369797;-26.80653;-49.092304;0.0;0.0;123;99.0;99.0;99.0;-1;46.6;46.6;2.2;0.0;0.7;2.2;0.0;0.9;46.2;46.2;46.2;46.6;46.6;46.6;46.6;46.6;46.6;30.22;30.2;-0.08;0.0;0.0
IBLUMENA15;America/Sao_Paulo;2020-07-10T08:34:45Z;2020-07-10 05:34:45;1594370085;-26.80653;-49.092304;0.0;0.0;108;99.0;99.0;99.0;-1;46.6;46.4;2.2;0.0;0.9;2.2;0.0;1.1;46.2;46.0;46.1;46.6;46.4;46.5;46.6;46.4;46.5;30.21;30.21;0.0;0.0;0.0
IBLUMENA15;America/Sao_Paulo;2020-07-10T08:39:49Z;2020-07-10 05:39:49;1594370389;-26.80653;-49.092304;0.0;0.0;139;99.0;99.0;99.0;-1;46.6;46.4;1.3;0.0;0.5;2.2;0.0;0.9;46.2;46.0;46.1;46.6;46.4;46.5;46.6;46.4;46.5;30.21;30.21;-0.04;0.0;0.0
IBLUMENA15;America/Sao_Paulo;2020-07-10T08:44:53Z;2020-07-10 05:44:53;1594370693;-26.80653;-49.092304;0.0;0.0;150;99.0;99.0;99.0;-1;46.6;46.6;0.7;0.0;0.1;1.1;0.0;0.2;46.2;46.2;46.2;46.6;46.6;46.6;46.6;46.6;46.6;30.22;30.21;0.08;0.0;0.0
IBLUMENA15;America/Sao_Paulo;2020-07-10T08:49:57Z;2020-07-10 05:49:57;1594370997;-26.80653;-49.092304;0.0;0.0;150;99.0;99.0;99.0;-1;46.8;46.6;0.0;0.0;0.0;0.0;0.0;0.0;46.4;46.2;46.3;46.8;46.6;46.8;46.8;46.6;46.8;30.22;30.21;0.04;0.0;0.0
IBLUMENA15;America/Sao_Paulo;2020-07-10T08:54:45Z;2020-07-10 05:54:45;1594371285;-26.80653;-49.092304;0.0;0.0;150;99.0;99.0;99.0;-1;46.8;46.6;0.4;0.0;0.1;1.1;0.0;0.2;46.4;46.2;46.3;46.8;46.6;46.7;46.8;46.6;46.7;30.22;30.21;0.04;0.0;0.0
IBLUMENA15;America/Sao_Paulo;2020-07-10T08:59:49Z;2020-07-10 05:59:49;1594371589;-26.80653;-49.092304;0.0;0.0;150;99.0;99.0;99.0;-1;46.6;46.4;0.2;0.0;0.0;1.1;0.0;0.1;46.2;46.0;46.1;46.6;46.4;46.5;46.6;46.4;46.5;30.22;30.21;-0.04;0.0;0.0
IBLUMENA15;America/Sao_Paulo;2020-07-10T09:04:53Z;2020-07-10 06:04:53;1594371893;-26.80653;-49.092304;0.0;0.0;136;99.0;99.0;99.0;-1;46.6;46.4;0.9;0.0;0.3;1.1;0.0;0.5;46.2;46.0;46.1;46.6;46.4;46.5;46.6;46.4;46.5;30.22;30.22;0.04;0.0;0.0
IBLUMENA15;America/Sao_Paulo;2020-07-10T09:09:57Z;2020-07-10 06:09:57;1594372197;-26.80653;-49.092304;0.0;0.0;132;99.0;99.0;99.0;-1;46.6;46.4;1.1;0.0;0.6;1.1;0.0;0.9;46.2;46.0;46.1;46.6;46.4;46.5;46.6;46.4;46.5;30.23;30.22;0.0;0.0;0.0
IBLUMENA15;America/Sao_Paulo;2020-07-10T09:14:45Z;2020-07-10 06:14:45;1594372485;-26.80653;-49.092304;0.0;0.0;136;99.0;99.0;99.0;-1;46.6;46.4;1.1;0.0;0.2;1.1;0.0;0.4;46.2;46.0;46.1;46.6;46.4;46.5;46.6;46.4;46.5;30.23;30.22;0.08;0.0;0.0
IBLUMENA15;America/Sao_Paulo;2020-07-10T09:19:49Z;2020-07-10 06:19:49;1594372789;-26.80653;-49.092304;0.0;0.0;134;99.0;99.0;99.0;-1;46.4;46.4;1.1;0.0;0.4;1.1;0.0;0.6;46.0;46.0;46.0;46.4;46.4;46.4;46.4;46.4;46.4;30.23;30.22;0.04;0.0;0.0
IBLUMENA15;America/Sao_Paulo;2020-07-10T09:24:53Z;2020-07-10 06:24:53;1594373093;-26.80653;-49.092304;0.0;0.0;135;99.0;99.0;99.0;-1;46.4;46.4;0.9;0.0;0.3;1.1;0.0;0.5;46.0;46.0;46.0;46.4;46.4;46.4;46.4;46.4;46.4;30.23;30.23;0.04;0.0;0.0
IBLUMENA15;America/Sao_Paulo;2020-07-10T09:29:57Z;2020-07-10 06:29:57;1594373397;-26.80653;-49.092304;0.0;0.0;131;99.0;99.0;99.0;-1;46.4;46.2;1.1;0.0;0.4;2.2;0.0;0.7;46.0;45.9;46.0;46.4;46.2;46.3;46.4;46.2;46.3;30.23;30.22;-0.15;0.0;0.0
IBLUMENA15;America/Sao_Paulo;2020-07-10T09:34:45Z;2020-07-10 06:34:45;1594373685;-26.80653;-49.092304;0.0;0.0;148;99.0;99.0;99.0;-1;46.4;46.2;0.9;0.0;0.1;1.1;0.0;0.2;46.0;45.9;45.9;46.4;46.2;46.3;46.4;46.2;46.3;30.23;30.22;0.16;0.0;0.0
IBLUMENA15;America/Sao_Paulo;2020-07-10T09:39:49Z;2020-07-10 06:39:49;1594373989;-26.80653;-49.092304;0.0;0.0;150;99.0;99.0;99.0;-1;46.6;46.4;0.4;0.0;0.0;1.1;0.0;0.0;46.2;46.0;46.1;46.6;46.4;46.5;46.6;46.4;46.5;30.24;30.23;0.04;0.0;0.0
IBLUMENA15;America/Sao_Paulo;2020-07-10T09:44:53Z;2020-07-10 06:44:53;1594374293;-26.80653;-49.092304;0.0;0.0;141;99.0;99.0;99.0;-1;46.6;46.4;0.7;0.0;0.1;1.1;0.0;0.3;46.2;46.0;46.1;46.6;46.4;46.5;46.6;46.4;46.5;30.24;30.23;-0.08;0.0;0.0
IBLUMENA15;America/Sao_Paulo;2020-07-10T09:49:57Z;2020-07-10 06:49:57;1594374597;-26.80653;-49.092304;0.0;0.0;149;99.0;99.0;99.0;-1;46.4;46.4;0.9;0.0;0.1;1.1;0.0;0.3;46.0;46.0;46.0;46.4;46.4;46.4;46.4;46.4;46.4;30.23;30.23;-0.04;0.0;0.0
IBLUMENA15;America/Sao_Paulo;2020-07-10T09:54:45Z;2020-07-10 06:54:45;1594374885;-26.80653;-49.092304;0.0;0.0;153;99.0;99.0;99.0;-1;46.4;46.2;1.1;0.0;0.4;1.1;0.0;0.7;46.0;45.9;46.0;46.4;46.2;46.3;46.4;46.2;46.3;30.24;30.23;0.08;0.05;0.01
IBLUMENA15;America/Sao_Paulo;2020-07-10T09:59:49Z;2020-07-10 06:59:49;1594375189;-26.80653;-49.092304;0.0;0.0;155;99.0;99.0;99.0;-1;46.2;46.2;0.7;0.0;0.1;1.1;0.0;0.4;45.9;45.9;45.9;46.2;46.2;46.2;46.2;46.2;46.2;30.23;30.23;0.0;0.05;0.01
IBLUMENA15;America/Sao_Paulo;2020-07-10T10:04:53Z;2020-07-10 07:04:53;1594375493;-26.80653;-49.092304;0.4;0.0;144;99.0;99.0;99.0;-1;46.4;46.2;0.9;0.0;0.2;1.1;0.0;0.5;46.0;45.9;45.9;46.4;46.2;46.3;46.4;46.2;46.3;30.23;30.23;-0.04;0.05;0.01
IBLUMENA15;America/Sao_Paulo;2020-07-10T10:09:57Z;2020-07-10 07:09:57;1594375797;-26.80653;-49.092304;1.7;0.0;147;99.0;99.0;99.0;-1;46.2;46.2;1.3;0.0;0.3;2.2;0.0;0.6;45.9;45.9;45.9;46.2;46.2;46.2;46.2;46.2;46.2;30.24;30.23;0.08;0.0;0.01
IBLUMENA15;America/Sao_Paulo;2020-07-10T10:14:45Z;2020-07-10 07:14:45;1594376085;-26.80653;-49.092304;3.4;0.0;145;99.0;99.0;99.0;-1;46.2;46.0;1.1;0.0;0.3;1.1;0.0;0.6;45.9;45.7;45.8;46.2;46.0;46.1;46.2;46.0;46.1;30.24;30.23;0.07;0.0;0.01
IBLUMENA15;America/Sao_Paulo;2020-07-10T10:19:49Z;2020-07-10 07:19:49;1594376389;-26.80653;-49.092304;5.6;0.0;149;99.0;99.0;99.0;-1;46.0;46.0;1.6;0.0;0.4;2.2;0.0;0.8;45.7;45.7;45.7;46.0;46.0;46.0;46.0;46.0;46.0;30.24;30.23;-0.06;0.0;0.01
IBLUMENA15;America/Sao_Paulo;2020-07-10T10:24:53Z;2020-07-10 07:24:53;1594376693;-26.80653;-49.092304;7.3;0.0;152;99.0;99.0;99.0;-1;46.0;45.9;2.0;0.4;1.0;2.2;1.1;1.3;45.7;45.5;45.6;46.0;45.9;45.9;46.0;45.9;45.9;30.24;30.23;0.04;0.0;0.01
IBLUMENA15;America/Sao_Paulo;2020-07-10T10:29:57Z;2020-07-10 07:29:57;1594376997;-26.80653;-49.092304;9.1;0.0;145;99.0;99.0;99.0;-1;45.9;45.9;1.3;0.0;0.4;2.2;0.0;0.6;45.5;45.5;45.5;45.9;45.9;45.9;45.9;45.9;45.9;30.24;30.24;0.0;0.0;0.01
IBLUMENA15;America/Sao_Paulo;2020-07-10T10:34:45Z;2020-07-10 07:34:45;1594377285;-26.80653;-49.092304;12.5;0.0;148;99.0;99.0;99.0;-1;45.9;45.9;1.1;0.0;0.5;1.1;0.0;0.9;45.5;45.5;45.5;45.9;45.9;45.9;45.9;45.9;45.9;30.24;30.23;0.03;0.0;0.01
IBLUMENA15;America/Sao_Paulo;2020-07-10T10:39:49Z;2020-07-10 07:39:49;1594377589;-26.80653;-49.092304;18.1;0.0;146;99.0;99.0;99.0;-1;45.9;45.7;1.1;0.0;0.5;1.1;0.0;0.7;45.5;45.3;45.3;45.9;45.7;45.7;45.9;45.7;45.7;30.24;30.23;0.0;0.0;0.01
IBLUMENA15;America/Sao_Paulo;2020-07-10T10:44:53Z;2020-07-10 07:44:53;1594377893;-26.80653;-49.092304;22.9;0.0;125;99.0;99.0;99.0;-1;45.9;45.7;2.2;0.0;1.1;2.2;0.0;1.3;45.5;45.3;45.4;45.9;45.7;45.8;45.9;45.7;45.8;30.24;30.24;0.04;0.0;0.01
IBLUMENA15;America/Sao_Paulo;2020-07-10T10:49:57Z;2020-07-10 07:49:57;1594378197;-26.80653;-49.092304;28.1;0.0;123;99.0;99.0;99.0;-1;45.9;45.7;2.2;0.0;0.7;2.2;0.0;1.1;45.5;45.3;45.4;45.9;45.7;45.8;45.9;45.7;45.8;30.25;30.24;0.0;0.0;0.01
IBLUMENA15;America/Sao_Paulo;2020-07-10T10:54:45Z;2020-07-10 07:54:45;1594378485;-26.80653;-49.092304;31.6;0.0;128;99.0;99.0;99.0;-1;45.9;45.5;1.3;0.0;0.9;2.2;0.0;1.1;45.5;45.1;45.3;45.9;45.5;45.7;45.9;45.5;45.7;30.24;30.24;-0.07;0.0;0.01
IBLUMENA15;America/Sao_Paulo;2020-07-10T10:59:49Z;2020-07-10 07:59:49;1594378789;-26.80653;-49.092304;36.3;0.0;129;99.0;99.0;99.0;-1;45.7;45.5;1.1;0.0;0.4;1.1;0.0;0.6;45.3;45.1;45.2;45.7;45.5;45.6;45.7;45.5;45.6;30.24;30.24;0.0;0.0;0.01
IBLUMENA15;America/Sao_Paulo;2020-07-10T11:04:53Z;2020-07-10 08:04:53;1594379093;-26.80653;-49.092304;38.2;0.0;129;99.0;99.0;99.0;-1;45.9;45.7;1.1;0.0;0.5;2.2;0.0;0.7;45.5;45.3;45.4;45.9;45.7;45.8;45.9;45.7;45.8;30.25;30.23;0.1;0.0;0.01
IBLUMENA15;America/Sao_Paulo;2020-07-10T11:09:57Z;2020-07-10 08:09:57;1594379397;-26.80653;-49.092304;55.4;0.0;136;99.0;99.0;99.0;-1;46.0;45.9;0.9;0.0;0.2;1.1;0.0;0.5;45.7;45.5;45.6;46.0;45.9;45.9;46.0;45.9;45.9;30.25;30.24;-0.04;0.0;0.01
IBLUMENA15;America/Sao_Paulo;2020-07-10T11:14:45Z;2020-07-10 08:14:45;1594379685;-26.80653;-49.092304;55.1;0.0;140;99.0;99.0;99.0;-1;46.4;46.0;1.1;0.0;0.4;1.1;0.0;0.7;46.0;45.7;45.9;46.4;46.0;46.3;46.4;46.0;46.3;30.25;30.24;0.04;0.0;0.01
IBLUMENA15;America/Sao_Paulo;2020-07-10T11:19:49Z;2020-07-10 08:19:49;1594379989;-26.80653;-49.092304;61.2;0.0;129;99.0;99.0;99.0;-1;46.4;46.0;1.8;0.0;0.8;2.2;0.0;1.1;46.0;45.7;45.9;46.4;46.0;46.2;46.4;46.0;46.2;30.25;30.24;-0.04;0.0;0.01
IBLUMENA15;America/Sao_Paulo;2020-07-10T11:24:53Z;2020-07-10 08:24:53;1594380293;-26.80653;-49.092304;67.2;0.0;140;99.0;99.0;99.0;-1;46.2;46.0;0.9;0.0;0.2;1.1;0.0;0.5;45.9;45.7;45.8;46.2;46.0;46.1;46.2;46.0;46.1;30.25;30.24;-0.04;0.0;0.01
IBLUMENA15;America/Sao_Paulo;2020-07-10T11:29:57Z;2020-07-10 08:29:57;1594380597;-26.80653;-49.092304;67.7;0.0;144;99.0;99.0;99.0;-1;46.6;46.2;1.1;0.0;0.2;1.1;0.0;0.3;46.2;45.9;45.9;46.6;46.2;46.3;46.6;46.2;46.3;30.25;30.24;0.08;0.0;0.01
IBLUMENA15;America/Sao_Paulo;2020-07-10T11:34:45Z;2020-07-10 08:34:45;1594380885;-26.80653;-49.092304;77.6;0.0;137;99.0;99.0;99.0;-1;46.6;45.9;2.0;0.0;0.8;2.2;0.0;1.1;46.2;45.5;45.8;46.6;45.9;46.1;46.6;45.9;46.1;30.25;30.25;0.04;0.0;0.01
IBLUMENA15;America/Sao_Paulo;2020-07-10T11:39:49Z;2020-07-10 08:39:49;1594381189;-26.80653;-49.092304;81.5;0.0;134;99.0;99.0;99.0;-1;46.2;46.0;1.6;0.0;0.5;2.2;0.0;1.0;45.9;45.7;45.8;46.2;46.0;46.1;46.2;46.0;46.1;30.25;30.25;0.0;0.0;0.01
IBLUMENA15;America/Sao_Paulo;2020-07-10T11:44:53Z;2020-07-10 08:44:53;1594381493;-26.80653;-49.092304;89.8;0.0;131;99.0;99.0;99.0;-1;46.0;46.0;1.3;0.0;0.4;2.2;0.0;0.7;45.7;45.7;45.7;46.0;46.0;46.0;46.0;46.0;46.0;30.25;30.24;-0.04;0.0;0.01
IBLUMENA15;America/Sao_Paulo;2020-07-10T11:49:57Z;2020-07-10 08:49:57;1594381797;-26.80653;-49.092304;86.2;0.0;150;99.0;99.0;99.0;-1;46.6;46.0;0.2;0.0;0.0;1.1;0.0;0.1;46.2;45.7;45.8;46.6;46.0;46.2;46.6;46.0;46.2;30.25;30.25;0.04;0.0;0.01
IBLUMENA15;America/Sao_Paulo;2020-07-10T11:54:45Z;2020-07-10 08:54:45;1594382085;-26.80653;-49.092304;92.4;0.0;145;99.0;99.0;99.0;-1;46.6;46.2;1.1;0.0;0.4;1.1;0.0;0.7;46.2;45.9;46.2;46.6;46.2;46.6;46.6;46.2;46.6;30.25;30.24;-0.08;0.0;0.01
IBLUMENA15;America/Sao_Paulo;2020-07-10T11:59:49Z;2020-07-10 08:59:49;1594382389;-26.80653;-49.092304;94.6;0.0;149;99.0;99.0;99.0;-1;46.6;46.2;0.7;0.0;0.1;1.1;0.0;0.4;46.2;45.9;46.0;46.6;46.2;46.4;46.6;46.2;46.4;30.25;30.24;0.0;0.0;0.01
IBLUMENA15;America/Sao_Paulo;2020-07-10T12:04:53Z;2020-07-10 09:04:53;1594382693;-26.80653;-49.092304;123.2;1.0;142;99.0;99.0;99.0;-1;46.8;46.6;0.7;0.0;0.1;1.1;0.0;0.3;46.4;46.2;46.2;46.8;46.6;46.6;46.8;46.6;46.6;30.25;30.24;0.08;0.0;0.01
IBLUMENA15;America/Sao_Paulo;2020-07-10T12:09:57Z;2020-07-10 09:09:57;1594382997;-26.80653;-49.092304;122.7;1.0;157;99.0;99.0;99.0;-1;47.3;46.8;1.1;0.0;0.2;1.1;0.0;0.4;46.9;46.4;46.7;47.3;46.8;47.0;47.3;46.8;47.0;30.25;30.24;-0.08;0.0;0.01
IBLUMENA15;America/Sao_Paulo;2020-07-10T12:14:45Z;2020-07-10 09:14:45;1594383285;-26.80653;-49.092304;117.1;1.0;144;99.0;99.0;99.0;-1;47.3;46.9;0.2;0.0;0.0;1.1;0.0;0.1;46.9;46.6;46.8;47.3;46.9;47.1;47.3;46.9;47.1;30.25;30.24;0.04;0.0;0.01
IBLUMENA15;America/Sao_Paulo;2020-07-10T12:19:49Z;2020-07-10 09:19:49;1594383589;-26.80653;-49.092304;132.7;1.0;134;99.0;99.0;99.0;-1;47.5;47.1;1.1;0.0;0.5;1.1;0.0;0.7;47.1;46.8;47.0;47.5;47.1;47.4;47.5;47.1;47.4;30.25;30.24;-0.04;0.0;0.01
IBLUMENA15;America/Sao_Paulo;2020-07-10T12:24:53Z;2020-07-10 09:24:53;1594383893;-26.80653;-49.092304;138.4;1.0;125;99.0;99.0;99.0;-1;47.5;47.1;1.8;0.0;0.8;2.2;0.0;1.2;47.1;46.8;47.0;47.5;47.1;47.4;47.5;47.1;47.4;30.25;30.24;-0.04;0.0;0.01
IBLUMENA15;America/Sao_Paulo;2020-07-10T12:29:57Z;2020-07-10 09:29:57;1594384197;-26.80653;-49.092304;138.4;1.0;147;99.0;99.0;99.0;-1;47.7;47.5;0.9;0.0;0.3;1.1;0.0;0.6;47.3;47.1;47.2;47.7;47.5;47.6;47.7;47.5;47.6;30.25;30.24;0.04;0.0;0.01
IBLUMENA15;America/Sao_Paulo;2020-07-10T12:34:45Z;2020-07-10 09:34:45;1594384485;-26.80653;-49.092304;137.5;1.0;151;99.0;99.0;99.0;-1;47.8;47.5;1.1;0.0;0.6;1.1;0.0;1.0;47.5;47.1;47.3;47.8;47.5;47.7;47.8;47.5;47.7;30.25;30.24;0.04;0.0;0.01
IBLUMENA15;America/Sao_Paulo;2020-07-10T12:39:49Z;2020-07-10 09:39:49;1594384789;-26.80653;-49.092304;150.5;1.0;150;99.0;99.0;99.0;-1;48.6;47.5;0.7;0.0;0.0;1.1;0.0;0.1;48.2;47.1;47.4;48.6;47.5;47.8;48.6;47.5;47.8;30.25;30.24;-0.04;0.0;0.01
IBLUMENA15;America/Sao_Paulo;2020-07-10T12:44:53Z;2020-07-10 09:44:53;1594385093;-26.80653;-49.092304;182.5;1.0;138;99.0;99.0;99.0;-1;48.9;48.6;1.1;0.0;0.3;1.1;0.0;0.6;48.6;48.2;48.4;48.9;48.6;48.7;48.9;48.6;48.7;30.25;30.24;0.04;0.0;0.01
IBLUMENA15;America/Sao_Paulo;2020-07-10T12:49:57Z;2020-07-10 09:49:57;1594385397;-26.80653;-49.092304;187.8;1.0;151;99.0;99.0;99.0;-1;49.5;48.7;1.3;0.0;0.4;2.2;0.0;0.7;49.1;48.4;48.9;49.5;48.7;49.3;49.5;48.7;49.3;30.25;30.24;-0.04;0.0;0.01
IBLUMENA15;America/Sao_Paulo;2020-07-10T12:54:45Z;2020-07-10 09:54:45;1594385685;-26.80653;-49.092304;167.0;1.0;158;99.0;99.0;99.0;-1;49.3;48.2;1.6;0.0;0.5;2.2;0.0;0.7;48.9;47.8;48.1;49.3;48.2;48.5;49.3;48.2;48.5;30.25;30.24;0.04;0.0;0.01
IBLUMENA15;America/Sao_Paulo;2020-07-10T12:59:49Z;2020-07-10 09:59:49;1594385989;-26.80653;-49.092304;119.6;1.0;137;99.0;99.0;99.0;-1;49.5;48.6;1.1;0.0;0.3;1.1;0.0;0.5;49.1;48.2;48.8;49.5;48.6;49.2;49.5;48.6;49.2;30.25;30.24;0.0;0.0;0.01
IBLUMENA15;America/Sao_Paulo;2020-07-10T13:09:57Z;2020-07-10 10:09:57;1594386597;-26.80653;-49.092304;88.8;0.0;165;99.0;99.0;99.0;-1;49.5;49.3;1.1;0.0;0.3;1.1;0.0;0.5;49.1;48.9;49.0;49.5;49.3;49.4;49.5;49.3;49.4;30.25;30.24;0.04;0.0;0.01
IBLUMENA15;America/Sao_Paulo;2020-07-10T13:19:49Z;2020-07-10 10:19:49;1594387189;-26.80653;-49.092304;61.5;0.0;175;99.0;98.0;98.4;-1;50.2;49.8;1.3;0.0;0.5;2.2;0.0;0.9;49.6;49.5;49.5;50.2;49.8;50.0;50.2;49.8;50.0;30.24;30.23;0.06;0.0;0.01
IBLUMENA15;America/Sao_Paulo;2020-07-10T13:24:53Z;2020-07-10 10:24:53;1594387493;-26.80653;-49.092304;95.4;0.0;140;99.0;98.0;98.2;-1;51.3;50.4;1.1;0.0;0.4;1.1;0.0;0.8;50.7;49.8;50.2;51.3;50.4;50.7;51.3;50.4;50.7;30.24;30.23;-0.03;0.0;0.01
IBLUMENA15;America/Sao_Paulo;2020-07-10T13:29:57Z;2020-07-10 10:29:57;1594387797;-26.80653;-49.092304;77.2;0.0;140;98.0;95.0;96.8;-1;52.5;51.4;1.6;0.0;0.6;2.2;0.0;0.9;51.4;50.9;51.3;52.5;51.4;52.1;52.5;51.4;52.1;30.24;30.23;-0.11;0.0;0.01
IBLUMENA15;America/Sao_Paulo;2020-07-10T13:34:45Z;2020-07-10 10:34:45;1594388085;-26.80653;-49.092304;75.5;0.0;171;94.0;91.0;92.5;-1;52.7;52.5;1.8;0.0;0.4;2.2;0.0;0.6;50.7;50.2;50.5;52.7;52.5;52.5;52.7;52.5;52.5;30.23;30.23;0.0;0.0;0.01
IBLUMENA15;America/Sao_Paulo;2020-07-10T13:39:49Z;2020-07-10 10:39:49;1594388389;-26.80653;-49.092304;120.5;1.0;157;91.0;86.0;88.8;-1;55.2;52.7;1.1;0.0;0.4;1.1;0.0;0.7;51.3;50.2;50.6;55.2;52.7;53.8;55.2;52.7;53.8;30.23;30.23;0.04;0.0;0.01
IBLUMENA15;America/Sao_Paulo;2020-07-10T13:44:53Z;2020-07-10 10:44:53;1594388693;-26.80653;-49.092304;122.3;1.0;148;86.0;84.0;85.3;-1;56.7;55.2;1.8;0.0;0.6;2.2;0.0;0.8;51.8;50.9;51.4;56.7;55.2;55.8;56.7;55.2;55.8;30.23;30.23;0.0;0.0;0.01
IBLUMENA15;America/Sao_Paulo;2020-07-10T13:49:57Z;2020-07-10 10:49:57;1594388997;-26.80653;-49.092304;56.3;0.0;159;85.0;83.0;84.0;-1;57.0;55.8;3.6;0.0;1.1;4.5;0.0;1.8;52.2;51.1;51.7;57.0;55.8;56.5;57.0;55.8;56.5;30.23;30.22;-0.08;0.0;0.01
IBLUMENA15;America/Sao_Paulo;2020-07-10T13:54:45Z;2020-07-10 10:54:45;1594389285;-26.80653;-49.092304;78.1;0.0;161;85.0;83.0;83.9;-1;55.9;55.8;2.5;0.2;1.5;3.4;1.1;2.1;51.4;50.7;51.0;55.9;55.8;55.9;55.9;55.8;55.9;30.23;30.22;0.0;0.0;0.01
IBLUMENA15;America/Sao_Paulo;2020-07-10T13:59:49Z;2020-07-10 10:59:49;1594389589;-26.80653;-49.092304;288.8;2.0;171;84.0;82.0;82.7;-1;56.5;55.8;2.2;0.0;0.9;2.2;0.0;1.1;51.4;50.4;50.9;56.5;55.8;56.0;56.5;55.8;56.0;30.23;30.21;-0.15;0.0;0.01
IBLUMENA15;America/Sao_Paulo;2020-07-10T14:04:53Z;2020-07-10 11:04:53;1594389893;-26.80653;-49.092304;134.8;1.0;170;82.0;80.0;80.6;-1;57.4;56.7;2.5;0.0;1.3;3.4;0.0;1.7;51.6;50.7;51.3;57.4;56.7;57.1;57.4;56.7;57.1;30.22;30.21;0.08;0.0;0.01
IBLUMENA15;America/Sao_Paulo;2020-07-10T14:09:57Z;2020-07-10 11:09:57;1594390197;-26.80653;-49.092304;101.4;1.0;164;82.0;81.0;81.6;-1;56.8;56.5;2.2;0.0;1.0;3.4;0.0;1.5;51.4;50.9;51.2;56.8;56.5;56.7;56.8;56.5;56.7;30.22;30.21;-0.08;0.0;0.01
IBLUMENA15;America/Sao_Paulo;2020-07-10T14:14:45Z;2020-07-10 11:14:45;1594390485;-26.80653;-49.092304;70.7;0.0;164;81.0;80.0;80.8;-1;57.4;56.8;1.3;0.0;0.6;2.2;0.0;1.0;51.4;50.9;51.2;57.4;56.8;57.0;57.4;56.8;57.0;30.22;30.21;0.08;0.0;0.01
IBLUMENA15;America/Sao_Paulo;2020-07-10T14:19:49Z;2020-07-10 11:19:49;1594390789;-26.80653;-49.092304;119.6;1.0;148;80.0;80.0;80.0;-1;57.7;57.4;0.9;0.0;0.3;1.1;0.0;0.6;51.6;51.3;51.5;57.7;57.4;57.6;57.7;57.4;57.6;30.22;30.21;-0.08;0.0;0.01
IBLUMENA15;America/Sao_Paulo;2020-07-10T14:24:53Z;2020-07-10 11:24:53;1594391093;-26.80653;-49.092304;367.4;3.0;144;81.0;79.0;79.8;-1;58.3;57.7;3.8;0.0;1.7;4.5;0.0;2.0;52.3;51.3;51.9;58.3;57.7;58.1;58.3;57.7;58.1;30.21;30.21;-0.04;0.0;0.01
IBLUMENA15;America/Sao_Paulo;2020-07-10T14:29:57Z;2020-07-10 11:29:57;1594391397;-26.80653;-49.092304;402.1;3.0;143;82.0;79.0;80.2;-1;58.5;57.7;2.5;0.0;1.5;3.4;0.0;2.0;52.3;51.6;52.0;58.5;57.7;58.0;58.5;57.7;58.0;30.21;30.2;-0.04;0.0;0.01
IBLUMENA15;America/Sao_Paulo;2020-07-10T14:34:45Z;2020-07-10 11:34:45;1594391685;-26.80653;-49.092304;434.7;4.0;126;79.0;76.0;77.8;-1;60.6;58.5;1.8;0.0;0.8;3.4;0.0;1.3;53.4;51.6;52.4;60.6;58.5;59.3;60.6;58.5;59.3;30.21;30.2;-0.04;0.0;0.01
IBLUMENA15;America/Sao_Paulo;2020-07-10T14:44:53Z;2020-07-10 11:44:53;1594392293;-26.80653;-49.092304;427.7;4.0;138;78.0;77.0;77.2;-1;60.1;59.7;3.1;0.0;1.4;3.4;0.0;1.8;53.2;52.5;52.8;60.1;59.7;59.9;60.1;59.7;59.9;30.2;30.2;0.04;0.0;0.01
IBLUMENA15;America/Sao_Paulo;2020-07-10T14:49:57Z;2020-07-10 11:49:57;1594392597;-26.80653;-49.092304;441.1;4.0;141;79.0;76.0;77.0;-1;60.3;59.9;2.2;0.2;1.2;2.2;1.1;1.6;53.4;52.5;52.9;60.3;59.9;60.1;60.3;59.9;60.1;30.2;30.19;-0.08;0.0;0.01
IBLUMENA15;America/Sao_Paulo;2020-07-10T14:54:45Z;2020-07-10 11:54:45;1594392885;-26.80653;-49.092304;452.4;4.0;146;78.0;75.0;76.4;-1;61.3;60.3;3.8;0.2;2.2;4.5;1.1;2.8;54.0;52.7;53.4;61.3;60.3;60.8;61.3;60.3;60.8;30.2;30.19;-0.08;0.0;0.01
IBLUMENA15;America/Sao_Paulo;2020-07-10T14:59:49Z;2020-07-10 11:59:49;1594393189;-26.80653;-49.092304;449.8;4.0;144;77.0;75.0;75.8;-1;61.2;60.4;4.0;0.7;2.0;4.5;1.1;2.6;54.0;52.7;53.1;61.2;60.4;60.7;61.2;60.4;60.7;30.19;30.19;0.04;0.0;0.01
IBLUMENA15;America/Sao_Paulo;2020-07-10T15:04:53Z;2020-07-10 12:04:53;1594393493;-26.80653;-49.092304;438.1;4.0;144;76.0;73.0;74.9;-1;61.3;61.0;4.5;0.0;2.1;5.8;0.0;2.7;53.4;52.7;53.1;61.3;61.0;61.1;61.3;61.0;61.1;30.19;30.18;-0.04;0.0;0.01
IBLUMENA15;America/Sao_Paulo;2020-07-10T15:09:57Z;2020-07-10 12:09:57;1594393797;-26.80653;-49.092304;439.4;4.0;151;74.0;71.0;72.7;-1;61.9;61.5;4.5;1.1;2.7;5.8;1.1;3.5;53.4;52.2;52.9;61.9;61.5;61.7;61.9;61.5;61.7;30.19;30.18;-0.04;0.0;0.01
IBLUMENA15;America/Sao_Paulo;2020-07-10T15:14:45Z;2020-07-10 12:14:45;1594394085;-26.80653;-49.092304;463.3;4.0;149;73.0;71.0;71.8;-1;62.1;61.9;3.8;0.9;2.3;4.5;1.1;3.0;53.2;52.3;52.7;62.1;61.9;61.9;62.1;61.9;61.9;30.18;30.18;-0.08;0.0;0.01
IBLUMENA15;America/Sao_Paulo;2020-07-10T15:19:49Z;2020-07-10 12:19:49;1594394389;-26.80653;-49.092304;467.6;4.0;187;72.0;69.0;70.8;-1;62.8;61.9;3.8;0.7;2.2;4.5;1.1;2.8;53.6;52.5;53.0;62.8;61.9;62.6;62.8;61.9;62.6;30.18;30.18;-0.03;0.0;0.01
IBLUMENA15;America/Sao_Paulo;2020-07-10T15:24:53Z;2020-07-10 12:24:53;1594394693;-26.80653;-49.092304;467.2;4.0;160;71.0;69.0;70.2;-1;62.8;62.6;4.0;0.2;2.4;4.5;1.1;3.0;53.2;52.5;52.9;62.8;62.6;62.7;62.8;62.6;62.7;30.18;30.17;-0.11;0.0;0.01
IBLUMENA15;America/Sao_Paulo;2020-07-10T15:29:57Z;2020-07-10 12:29:57;1594394997;-26.80653;-49.092304;456.3;4.0;156;71.0;69.0;69.9;-1;63.3;62.6;3.6;0.0;2.0;4.5;0.0;2.7;53.4;52.5;53.0;63.3;62.6;62.9;63.3;62.6;62.9;30.17;30.17;0.0;0.0;0.01
IBLUMENA15;America/Sao_Paulo;2020-07-10T15:34:45Z;2020-07-10 12:34:45;1594395285;-26.80653;-49.092304;450.7;4.0;153;70.0;67.0;68.4;-1;64.6;63.3;4.5;0.0;1.7;4.5;0.0;2.2;53.8;52.9;53.5;64.6;63.3;64.1;64.6;63.3;64.1;30.17;30.17;0.0;0.0;0.01
IBLUMENA15;America/Sao_Paulo;2020-07-10T15:39:49Z;2020-07-10 12:39:49;1594395589;-26.80653;-49.092304;470.6;4.0;154;71.0;67.0;68.4;-1;64.6;63.7;4.0;0.2;1.6;5.8;1.1;2.3;54.1;52.7;53.5;64.6;63.7;64.1;64.6;63.7;64.1;30.17;30.16;0.04;0.0;0.01
IBLUMENA15;America/Sao_Paulo;2020-07-10T15:44:53Z;2020-07-10 12:44:53;1594395893;-26.80653;-49.092304;482.7;4.0;162;69.0;67.0;67.6;-1;64.6;64.2;4.0;0.4;2.1;5.8;1.1;2.7;54.1;53.2;53.4;64.6;64.2;64.4;64.6;64.2;64.4;30.17;30.15;-0.19;0.0;0.01
IBLUMENA15;America/Sao_Paulo;2020-07-10T15:49:57Z;2020-07-10 12:49:57;1594396197;-26.80653;-49.092304;469.8;4.0;147;69.0;67.0;68.2;-1;64.8;64.2;3.4;0.0;1.7;4.5;0.0;2.2;54.1;53.2;53.7;64.8;64.2;64.5;64.8;64.2;64.5;30.16;30.15;0.04;0.0;0.01
IBLUMENA15;America/Sao_Paulo;2020-07-10T15:54:45Z;2020-07-10 12:54:45;1594396485;-26.80653;-49.092304;451.0;4.0;147;69.0;67.0;68.1;-1;65.1;64.6;4.3;1.1;2.6;4.5;1.1;3.5;54.5;53.6;54.1;65.1;64.6;64.8;65.1;64.6;64.8;30.16;30.15;-0.08;0.0;0.01
IBLUMENA15;America/Sao_Paulo;2020-07-10T15:59:49Z;2020-07-10 12:59:49;1594396789;-26.80653;-49.092304;441.1;4.0;147;69.0;66.0;67.5;-1;65.1;64.6;2.2;0.0;0.8;2.2;0.0;1.0;54.1;53.4;53.8;65.1;64.6;64.8;65.1;64.6;64.8;30.15;30.15;-0.04;0.0;0.01
IBLUMENA15;America/Sao_Paulo;2020-07-10T16:04:53Z;2020-07-10 13:04:53;1594397093;-26.80653;-49.092304;452.4;4.0;178;67.0;65.0;66.2;-1;66.0;65.5;2.9;0.4;1.8;4.5;1.1;2.5;54.7;53.8;54.3;66.0;65.5;65.9;66.0;65.5;65.9;30.15;30.14;-0.04;0.0;0.01
IBLUMENA15;America/Sao_Paulo;2020-07-10T16:09:57Z;2020-07-10 13:09:57;1594397397;-26.80653;-49.092304;486.6;4.0;152;69.0;66.0;67.0;-1;65.7;65.7;2.9;0.2;1.6;3.4;1.1;2.2;55.2;54.0;54.3;65.7;65.7;65.7;65.7;65.7;65.7;30.15;30.14;-0.08;0.0;0.01
IBLUMENA15;America/Sao_Paulo;2020-07-10T16:14:45Z;2020-07-10 13:14:45;1594397685;-26.80653;-49.092304;502.7;4.0;150;68.0;66.0;66.8;-1;66.4;65.8;3.6;0.7;1.8;4.5;1.1;2.2;55.6;54.1;54.7;66.4;65.8;66.1;66.4;65.8;66.1;30.14;30.14;0.0;0.0;0.01
IBLUMENA15;America/Sao_Paulo;2020-07-10T16:19:49Z;2020-07-10 13:19:49;1594397989;-26.80653;-49.092304;495.3;4.0;102;70.0;67.0;68.0;-1;66.4;65.7;3.4;1.1;2.1;3.4;1.1;2.6;55.9;54.7;55.2;66.4;65.7;66.0;66.4;65.7;66.0;30.14;30.13;-0.08;0.0;0.01
IBLUMENA15;America/Sao_Paulo;2020-07-10T16:24:53Z;2020-07-10 13:24:53;1594398293;-26.80653;-49.092304;455.8;4.0;119;69.0;67.0;67.6;-1;66.4;65.5;2.2;0.0;1.2;3.4;0.0;1.6;55.2;54.5;54.8;66.4;65.5;65.8;66.4;65.5;65.8;30.14;30.12;-0.11;0.0;0.01
IBLUMENA15;America/Sao_Paulo;2020-07-10T16:29:57Z;2020-07-10 13:29:57;1594398597;-26.80653;-49.092304;458.0;4.0;158;67.0;65.0;65.4;-1;68.0;66.6;1.3;0.0;0.6;2.2;0.0;1.1;56.1;54.7;55.5;68.0;66.6;67.5;68.0;66.6;67.5;30.14;30.12;0.0;0.0;0.01
IBLUMENA15;America/Sao_Paulo;2020-07-10T16:34:45Z;2020-07-10 13:34:45;1594398885;-26.80653;-49.092304;459.4;4.0;159;65.0;63.0;63.9;-1;68.5;68.0;2.0;0.0;0.7;2.2;0.0;1.1;56.3;55.2;55.7;68.5;68.0;68.4;68.5;68.0;68.4;30.13;30.12;0.0;0.0;0.01
IBLUMENA15;America/Sao_Paulo;2020-07-10T16:39:49Z;2020-07-10 13:39:49;1594399189;-26.80653;-49.092304;442.5;4.0;195;65.0;63.0;63.9;-1;68.7;68.2;2.2;0.0;1.2;2.2;0.0;1.5;56.3;55.4;55.9;68.7;68.2;68.6;68.7;68.2;68.6;30.12;30.12;0.0;0.0;0.01
IBLUMENA15;America/Sao_Paulo;2020-07-10T16:44:53Z;2020-07-10 13:44:53;1594399493;-26.80653;-49.092304;424.6;4.0;189;67.0;64.0;65.5;-1;68.0;67.1;2.2;0.9;1.4;2.2;1.1;1.7;55.8;55.2;55.5;68.0;67.1;67.5;68.0;67.1;67.5;30.12;30.12;-0.04;0.0;0.01
IBLUMENA15;America/Sao_Paulo;2020-07-10T16:49:57Z;2020-07-10 13:49:57;1594399797;-26.80653;-49.092304;419.9;4.0;195;66.0;64.0;65.2;-1;67.8;67.5;2.7;0.7;1.7;3.4;1.1;2.1;56.1;54.9;55.5;67.8;67.5;67.6;67.8;67.5;67.6;30.12;30.11;-0.04;0.0;0.01
IBLUMENA15;America/Sao_Paulo;2020-07-10T16:54:45Z;2020-07-10 13:54:45;1594400085;-26.80653;-49.092304;414.7;4.0;152;66.0;64.0;65.0;-1;68.5;67.8;2.2;0.0;0.9;2.2;0.0;1.4;56.3;55.6;55.9;68.5;67.8;68.0;68.5;67.8;68.0;30.12;30.11;-0.07;0.0;0.01
IBLUMENA15;America/Sao_Paulo;2020-07-10T16:59:49Z;2020-07-10 13:59:49;1594400389;-26.80653;-49.092304;406.0;3.0;155;67.0;64.0;64.8;-1;68.7;68.7;3.6;0.0;1.2;4.5;0.0;1.9;57.4;56.1;56.4;68.7;68.7;68.7;68.7;68.7;68.7;30.12;30.11;0.0;0.0;0.01
IBLUMENA15;America/Sao_Paulo;2020-07-10T17:04:53Z;2020-07-10 14:04:53;1594400693;-26.80653;-49.092304;403.0;3.0;181;67.0;65.0;65.9;-1;68.7;67.6;3.4;0.2;1.7;3.4;1.1;2.3;56.8;55.4;56.1;68.7;67.6;67.9;68.7;67.6;67.9;30.11;30.1;0.0;0.0;0.01
IBLUMENA15;America/Sao_Paulo;2020-07-10T17:09:57Z;2020-07-10 14:09:57;1594400997;-26.80653;-49.092304;399.4;3.0;173;66.0;63.0;64.4;-1;69.4;67.8;2.0;0.0;0.8;3.4;0.0;1.2;57.0;55.4;56.0;69.4;67.8;68.5;69.4;67.8;68.5;30.11;30.1;-0.04;0.0;0.01
IBLUMENA15;America/Sao_Paulo;2020-07-10T17:14:45Z;2020-07-10 14:14:45;1594401285;-26.80653;-49.092304;391.2;3.0;138;67.0;63.0;65.4;-1;69.4;68.0;3.4;1.3;2.3;3.4;2.2;2.9;57.2;55.9;56.7;69.4;68.0;68.8;69.4;68.0;68.8;30.11;30.1;-0.16;0.0;0.01
IBLUMENA15;America/Sao_Paulo;2020-07-10T17:19:49Z;2020-07-10 14:19:49;1594401589;-26.80653;-49.092304;370.4;3.0;138;67.0;64.0;65.8;-1;69.1;67.6;2.2;0.0;0.8;2.2;0.0;1.3;57.4;55.6;56.2;69.1;67.6;68.1;69.1;67.6;68.1;30.1;30.1;0.0;0.0;0.01
IBLUMENA15;America/Sao_Paulo;2020-07-10T17:24:53Z;2020-07-10 14:24:53;1594401893;-26.80653;-49.092304;364.3;3.0;164;65.0;63.0;63.9;-1;71.1;69.4;1.3;0.0;0.7;2.2;0.0;1.1;58.6;56.5;57.4;71.1;69.4;70.2;70.9;69.4;70.0;30.1;30.1;0.04;0.0;0.01
IBLUMENA15;America/Sao_Paulo;2020-07-10T17:29:57Z;2020-07-10 14:29:57;1594402197;-26.80653;-49.092304;373.5;3.0;144;67.0;62.0;63.6;-1;71.2;70.3;2.9;0.9;1.8;3.4;1.1;2.4;58.8;57.2;58.0;71.2;70.3;70.9;71.0;70.1;70.7;30.1;30.09;-0.04;0.0;0.01
IBLUMENA15;America/Sao_Paulo;2020-07-10T17:34:45Z;2020-07-10 14:34:45;1594402485;-26.80653;-49.092304;369.6;3.0;121;66.0;62.0;63.8;-1;70.7;70.0;2.2;0.0;0.8;3.4;0.0;1.2;58.1;56.8;57.4;70.7;70.0;70.2;70.5;69.7;70.0;30.1;30.09;0.0;0.0;0.01
IBLUMENA15;America/Sao_Paulo;2020-07-10T17:39:49Z;2020-07-10 14:39:49;1594402789;-26.80653;-49.092304;359.5;3.0;115;65.0;63.0;63.9;-1;70.9;70.7;2.5;0.2;1.2;3.4;1.1;1.7;58.6;57.6;57.9;70.9;70.7;70.7;70.7;70.4;70.5;30.1;30.09;-0.11;0.0;0.01
IBLUMENA15;America/Sao_Paulo;2020-07-10T17:44:53Z;2020-07-10 14:44:53;1594403093;-26.80653;-49.092304;361.7;3.0;137;64.0;61.0;62.9;-1;71.1;70.9;2.0;0.0;0.9;2.2;0.0;1.2;58.3;57.0;57.8;71.1;70.9;71.1;70.9;70.6;70.8;30.1;30.09;-0.04;0.0;0.01
IBLUMENA15;America/Sao_Paulo;2020-07-10T17:49:57Z;2020-07-10 14:49:57;1594403397;-26.80653;-49.092304;354.8;3.0;158;64.0;62.0;62.9;-1;71.2;70.9;2.0;0.0;1.0;2.2;0.0;1.3;58.3;57.6;57.9;71.2;70.9;71.1;71.0;70.7;70.9;30.1;30.09;0.04;0.0;0.01
IBLUMENA15;America/Sao_Paulo;2020-07-10T17:54:45Z;2020-07-10 14:54:45;1594403685;-26.80653;-49.092304;319.7;3.0;168;64.0;62.0;63.3;-1;70.9;70.0;1.8;0.0;0.7;2.2;0.0;1.1;58.1;56.8;57.4;70.9;70.0;70.5;70.7;69.7;70.2;30.09;30.08;0.04;0.0;0.01
IBLUMENA15;America/Sao_Paulo;2020-07-10T17:59:49Z;2020-07-10 14:59:49;1594403989;-26.80653;-49.092304;312.3;3.0;184;64.0;62.0;62.9;-1;70.7;70.0;3.1;0.0;1.2;3.4;0.0;1.7;57.9;56.5;57.1;70.7;70.0;70.3;70.5;69.7;70.0;30.09;30.09;-0.08;0.0;0.01
IBLUMENA15;America/Sao_Paulo;2020-07-10T18:04:53Z;2020-07-10 15:04:53;1594404293;-26.80653;-49.092304;294.5;2.0;182;66.0;64.0;65.2;-1;70.5;69.1;3.8;0.2;2.0;5.8;1.1;2.7;58.3;57.0;57.6;70.5;69.1;69.7;70.3;69.1;69.7;30.09;30.09;0.04;0.0;0.01
IBLUMENA15;America/Sao_Paulo;2020-07-10T18:09:57Z;2020-07-10 15:09:57;1594404597;-26.80653;-49.092304;285.4;2.0;178;66.0;64.0;64.9;-1;69.6;69.1;1.8;0.0;1.0;2.2;0.0;1.4;57.4;56.7;57.2;69.6;69.1;69.4;69.6;69.1;69.4;30.09;30.09;-0.04;0.0;0.01
IBLUMENA15;America/Sao_Paulo;2020-07-10T18:14:45Z;2020-07-10 15:14:45;1594404885;-26.80653;-49.092304;266.7;2.0;155;66.0;64.0;65.4;-1;69.8;69.3;3.4;0.2;1.6;4.5;1.1;2.1;57.7;57.0;57.5;69.8;69.3;69.5;69.8;69.3;69.5;30.09;30.08;-0.08;0.0;0.01
IBLUMENA15;America/Sao_Paulo;2020-07-10T18:19:49Z;2020-07-10 15:19:49;1594405189;-26.80653;-49.092304;262.4;2.0;156;67.0;65.0;66.3;-1;69.4;68.7;3.8;0.9;2.5;4.5;1.1;3.2;57.9;56.8;57.5;69.4;68.7;69.2;69.4;68.7;69.2;30.08;30.08;0.04;0.0;0.01
IBLUMENA15;America/Sao_Paulo;2020-07-10T18:24:53Z;2020-07-10 15:24:53;1594405493;-26.80653;-49.092304;251.1;2.0;164;67.0;65.0;66.1;-1;69.4;68.7;3.8;0.2;1.5;4.5;1.1;2.1;57.9;56.8;57.2;69.4;68.7;69.0;69.4;68.7;69.0;30.08;30.08;-0.08;0.0;0.01
IBLUMENA15;America/Sao_Paulo;2020-07-10T18:29:57Z;2020-07-10 15:29:57;1594405797;-26.80653;-49.092304;231.2;2.0;151;67.0;66.0;67.0;-1;69.4;68.7;3.4;0.9;2.2;4.5;1.1;2.6;58.1;57.4;57.7;69.4;68.7;69.0;69.4;68.7;69.0;30.09;30.07;0.0;0.0;0.01
IBLUMENA15;America/Sao_Paulo;2020-07-10T18:34:45Z;2020-07-10 15:34:45;1594406085;-26.80653;-49.092304;212.1;2.0;142;67.0;63.0;65.1;-1;70.7;68.7;1.3;0.0;0.3;2.2;0.0;0.5;57.9;56.7;57.3;70.7;68.7;69.5;70.5;68.7;69.4;30.08;30.07;-0.08;0.0;0.01
IBLUMENA15;America/Sao_Paulo;2020-07-10T18:39:49Z;2020-07-10 15:39:49;1594406389;-26.80653;-49.092304;211.1;2.0;156;67.0;64.0;65.8;-1;70.7;69.6;2.5;0.7;1.5;3.4;1.1;2.2;58.8;57.7;58.1;70.7;69.6;70.1;70.6;69.6;70.0;30.08;30.07;0.04;0.0;0.01
IBLUMENA15;America/Sao_Paulo;2020-07-10T18:44:53Z;2020-07-10 15:44:53;1594406693;-26.80653;-49.092304;211.1;2.0;154;66.0;64.0;64.8;-1;70.3;69.6;1.8;0.0;0.7;2.2;0.0;1.1;58.1;57.2;57.6;70.3;69.6;70.0;70.1;69.6;69.9;30.08;30.07;0.04;0.0;0.01
IBLUMENA15;America/Sao_Paulo;2020-07-10T18:49:57Z;2020-07-10 15:49:57;1594406997;-26.80653;-49.092304;199.9;1.0;162;66.0;65.0;65.4;-1;70.2;69.8;2.2;0.0;1.1;2.2;0.0;1.5;58.1;57.6;57.8;70.2;69.8;69.9;70.0;69.8;69.8;30.08;30.07;-0.04;0.0;0.01
IBLUMENA15;America/Sao_Paulo;2020-07-10T18:54:45Z;2020-07-10 15:54:45;1594407285;-26.80653;-49.092304;182.5;1.0;147;67.0;65.0;66.3;-1;69.8;69.6;2.7;0.2;1.3;3.4;1.1;2.0;58.3;57.4;57.9;69.8;69.6;69.7;69.8;69.6;69.7;30.08;30.07;-0.04;0.0;0.01
IBLUMENA15;America/Sao_Paulo;2020-07-10T18:59:49Z;2020-07-10 15:59:49;1594407589;-26.80653;-49.092304;170.1;1.0;170;66.0;65.0;65.5;-1;70.0;69.6;1.8;0.4;1.1;2.2;1.1;1.4;58.1;57.4;57.7;70.0;69.6;69.7;69.8;69.6;69.7;30.08;30.07;-0.04;0.0;0.01
IBLUMENA15;America/Sao_Paulo;2020-07-10T19:04:53Z;2020-07-10 16:04:53;1594407893;-26.80653;-49.092304;148.3;1.0;176;67.0;65.0;65.6;-1;70.2;70.0;2.5;0.0;0.9;3.4;0.0;1.3;58.6;57.7;58.0;70.2;70.0;70.1;70.1;69.8;69.9;30.07;30.07;0.04;0.0;0.01
IBLUMENA15;America/Sao_Paulo;2020-07-10T19:09:57Z;2020-07-10 16:09:57;1594408197;-26.80653;-49.092304;135.3;1.0;142;67.0;65.0;66.4;-1;70.2;69.3;2.9;0.0;1.4;3.4;0.0;2.0;58.3;57.4;58.1;70.2;69.3;69.8;70.0;69.3;69.7;30.07;30.07;0.04;0.0;0.01
IBLUMENA15;America/Sao_Paulo;2020-07-10T19:14:45Z;2020-07-10 16:14:45;1594408485;-26.80653;-49.092304;133.1;1.0;153;67.0;66.0;66.7;-1;69.4;69.3;3.8;0.7;1.7;4.5;1.1;2.4;58.1;57.4;57.9;69.4;69.3;69.4;69.4;69.3;69.4;30.07;30.07;-0.12;0.0;0.01
IBLUMENA15;America/Sao_Paulo;2020-07-10T19:19:49Z;2020-07-10 16:19:49;1594408789;-26.80653;-49.092304;125.3;1.0;136;68.0;67.0;67.4;-1;69.4;68.9;2.9;0.2;1.6;3.4;1.1;2.1;58.1;57.6;57.8;69.4;68.9;69.0;69.4;68.9;69.0;30.07;30.06;-0.04;0.0;0.01
IBLUMENA15;America/Sao_Paulo;2020-07-10T19:24:53Z;2020-07-10 16:24:53;1594409093;-26.80653;-49.092304;99.3;1.0;141;69.0;68.0;68.5;-1;68.9;68.4;4.9;0.2;2.3;5.8;1.1;2.9;58.3;57.7;57.9;68.9;68.4;68.8;68.9;68.4;68.8;30.07;30.06;0.08;0.0;0.01
IBLUMENA15;America/Sao_Paulo;2020-07-10T19:29:57Z;2020-07-10 16:29:57;1594409397;-26.80653;-49.092304;97.5;0.0;144;70.0;69.0;69.6;-1;68.4;68.2;2.9;0.7;1.7;3.4;1.1;2.1;58.3;57.6;58.0;68.4;68.2;68.3;68.4;68.2;68.3;30.07;30.06;-0.08;0.0;0.01
IBLUMENA15;America/Sao_Paulo;2020-07-10T19:34:45Z;2020-07-10 16:34:45;1594409685;-26.80653;-49.092304;65.9;0.0;154;70.0;69.0;69.7;-1;68.4;68.2;2.5;0.0;1.3;3.4;0.0;1.8;58.3;57.6;58.0;68.4;68.2;68.3;68.4;68.2;68.3;30.07;30.06;0.12;0.0;0.01
IBLUMENA15;America/Sao_Paulo;2020-07-10T19:39:49Z;2020-07-10 16:39:49;1594409989;-26.80653;-49.092304;33.8;0.0;155;71.0;70.0;70.4;-1;68.2;67.8;2.5;0.2;1.4;3.4;1.1;2.3;58.5;57.7;58.1;68.2;67.8;68.1;68.2;67.8;68.1;30.07;30.06;-0.11;0.0;0.01
IBLUMENA15;America/Sao_Paulo;2020-07-10T19:44:53Z;2020-07-10 16:44:53;1594410293;-26.80653;-49.092304;32.1;0.0;167;72.0;70.0;71.0;-1;67.8;67.8;1.8;0.0;0.8;2.2;0.0;1.3;58.5;57.7;58.1;67.8;67.8;67.8;67.8;67.8;67.8;30.07;30.06;0.08;0.0;0.01
IBLUMENA15;America/Sao_Paulo;2020-07-10T19:49:57Z;2020-07-10 16:49:57;1594410597;-26.80653;-49.092304;29.9;0.0;170;73.0;72.0;72.0;-1;67.8;67.5;2.2;0.0;1.3;2.2;0.0;1.7;58.5;58.1;58.3;67.8;67.5;67.6;67.8;67.5;67.6;30.07;30.06;-0.08;0.0;0.01
IBLUMENA15;America/Sao_Paulo;2020-07-10T19:54:45Z;2020-07-10 16:54:45;1594410885;-26.80653;-49.092304;28.1;0.0;192;76.0;73.0;74.3;-1;67.5;66.6;2.5;1.3;1.8;3.4;2.2;2.4;59.2;58.3;58.7;67.5;66.6;67.1;67.5;66.6;67.1;30.07;30.06;-0.04;0.0;0.01
IBLUMENA15;America/Sao_Paulo;2020-07-10T19:59:49Z;2020-07-10 16:59:49;1594411189;-26.80653;-49.092304;25.9;0.0;178;78.0;76.0;77.3;-1;66.4;65.7;2.0;0.0;1.0;2.2;0.0;1.4;59.0;58.5;58.7;66.4;65.7;66.0;66.4;65.7;66.0;30.06;30.05;0.0;0.0;0.01
IBLUMENA15;America/Sao_Paulo;2020-07-10T20:04:53Z;2020-07-10 17:04:53;1594411493;-26.80653;-49.092304;22.9;0.0;182;80.0;78.0;78.9;-1;65.7;65.1;2.2;0.9;1.3;2.2;1.1;1.7;58.8;58.5;58.7;65.7;65.1;65.4;65.7;65.1;65.4;30.07;30.05;-0.08;0.0;0.01
IBLUMENA15;America/Sao_Paulo;2020-07-10T20:09:57Z;2020-07-10 17:09:57;1594411797;-26.80653;-49.092304;20.3;0.0;180;81.0;80.0;80.6;-1;64.9;64.2;2.0;0.9;1.2;2.2;1.1;1.5;58.6;58.3;58.5;64.9;64.2;64.6;64.9;64.2;64.6;30.06;30.05;0.08;0.0;0.01
IBLUMENA15;America/Sao_Paulo;2020-07-10T20:14:45Z;2020-07-10 17:14:45;1594412085;-26.80653;-49.092304;17.7;0.0;185;82.0;81.0;81.5;-1;64.2;63.9;2.5;0.0;1.2;3.4;0.0;1.7;58.6;58.3;58.4;64.2;63.9;64.1;64.2;63.9;64.1;30.06;30.06;-0.04;0.0;0.01
IBLUMENA15;America/Sao_Paulo;2020-07-10T20:19:49Z;2020-07-10 17:19:49;1594412389;-26.80653;-49.092304;14.7;0.0;192;84.0;82.0;82.8;-1;63.9;63.0;2.9;0.9;1.8;3.4;1.1;2.4;58.3;57.7;58.1;63.9;63.0;63.4;63.9;63.0;63.4;30.06;30.06;0.08;0.0;0.01
IBLUMENA15;America/Sao_Paulo;2020-07-10T20:24:53Z;2020-07-10 17:24:53;1594412693;-26.80653;-49.092304;12.1;0.0;190;84.0;83.0;83.7;-1;63.0;62.6;2.9;0.9;1.8;3.4;1.1;2.4;57.9;57.6;57.8;63.0;62.6;62.8;63.0;62.6;62.8;30.06;30.06;0.0;0.0;0.01
IBLUMENA15;America/Sao_Paulo;2020-07-10T20:29:57Z;2020-07-10 17:29:57;1594412997;-26.80653;-49.092304;9.1;0.0;186;86.0;84.0;85.4;-1;62.6;62.1;2.0;0.0;0.4;2.2;0.0;0.6;58.1;57.7;57.9;62.6;62.1;62.3;62.6;62.1;62.3;30.07;30.05;-0.04;0.0;0.01
IBLUMENA15;America/Sao_Paulo;2020-07-10T20:34:45Z;2020-07-10 17:34:45;1594413285;-26.80653;-49.092304;5.6;0.0;152;89.0;86.0;88.0;-1;62.1;61.9;0.7;0.0;0.1;1.1;0.0;0.4;58.6;57.9;58.4;62.1;61.9;62.0;62.1;61.9;62.0;30.06;30.05;-0.08;0.0;0.01
IBLUMENA15;America/Sao_Paulo;2020-07-10T20:39:49Z;2020-07-10 17:39:49;1594413589;-26.80653;-49.092304;4.3;0.0;129;91.0;89.0;89.9;-1;61.7;61.0;1.8;0.0;0.9;2.2;0.0;1.4;58.8;58.3;58.5;61.7;61.0;61.4;61.7;61.0;61.4;30.06;30.05;0.08;0.0;0.01
IBLUMENA15;America/Sao_Paulo;2020-07-10T20:44:53Z;2020-07-10 17:44:53;1594413893;-26.80653;-49.092304;1.7;0.0;127;92.0;91.0;91.5;-1;61.0;60.4;1.3;0.0;0.7;2.2;0.0;0.8;58.5;58.1;58.2;61.0;60.4;60.6;61.0;60.4;60.6;30.06;30.06;-0.04;0.0;0.01
IBLUMENA15;America/Sao_Paulo;2020-07-10T20:49:57Z;2020-07-10 17:49:57;1594414197;-26.80653;-49.092304;0.4;0.0;137;92.0;92.0;92.0;-1;60.4;60.1;0.2;0.0;0.0;1.1;0.0;0.0;58.1;57.7;58.0;60.4;60.1;60.3;60.4;60.1;60.3;30.06;30.05;0.0;0.0;0.01
IBLUMENA15;America/Sao_Paulo;2020-07-10T20:54:45Z;2020-07-10 17:54:45;1594414485;-26.80653;-49.092304;0.0;0.0;136;93.0;92.0;92.3;-1;60.1;59.7;1.3;0.0;0.3;2.2;0.0;0.4;57.7;57.6;57.6;60.1;59.7;59.9;60.1;59.7;59.9;30.06;30.05;0.0;0.0;0.01
IBLUMENA15;America/Sao_Paulo;2020-07-10T20:59:49Z;2020-07-10 17:59:49;1594414789;-26.80653;-49.092304;0.0;0.0;134;93.0;93.0;93.0;-1;59.7;59.2;2.2;0.0;0.6;2.2;0.0;0.8;57.6;57.0;57.3;59.7;59.2;59.4;59.7;59.2;59.4;30.06;30.05;-0.08;0.0;0.01
IBLUMENA15;America/Sao_Paulo;2020-07-10T21:04:53Z;2020-07-10 18:04:53;1594415093;-26.80653;-49.092304;0.0;0.0;159;94.0;93.0;93.6;-1;59.2;59.0;0.7;0.0;0.1;1.1;0.0;0.3;57.4;57.0;57.2;59.2;59.0;59.2;59.2;59.0;59.2;30.06;30.05;0.04;0.0;0.01
IBLUMENA15;America/Sao_Paulo;2020-07-10T21:09:57Z;2020-07-10 18:09:57;1594415397;-26.80653;-49.092304;0.0;0.0;140;95.0;94.0;94.1;-1;59.0;58.6;1.3;0.0;0.5;2.2;0.0;0.7;57.2;56.8;57.1;59.0;58.6;58.8;59.0;58.6;58.8;30.06;30.05;-0.06;0.0;0.01
IBLUMENA15;America/Sao_Paulo;2020-07-10T21:14:45Z;2020-07-10 18:14:45;1594415685;-26.80653;-49.092304;0.0;0.0;128;95.0;94.0;94.3;-1;58.6;58.6;1.3;0.0;0.2;2.2;0.0;0.3;57.2;56.8;56.9;58.6;58.6;58.6;58.6;58.6;58.6;30.06;30.05;0.15;0.0;0.01
IBLUMENA15;America/Sao_Paulo;2020-07-10T21:19:49Z;2020-07-10 18:19:49;1594415989;-26.80653;-49.092304;0.0;0.0;137;95.0;94.0;94.8;-1;58.6;58.6;0.9;0.0;0.1;1.1;0.0;0.3;57.2;56.8;57.1;58.6;58.6;58.6;58.6;58.6;58.6;30.06;30.05;-0.08;0.0;0.01
IBLUMENA15;America/Sao_Paulo;2020-07-10T21:24:53Z;2020-07-10 18:24:53;1594416293;-26.80653;-49.092304;0.0;0.0;136;95.0;94.0;94.6;-1;58.6;58.3;1.1;0.0;0.5;1.1;0.0;0.7;57.2;56.7;56.9;58.6;58.3;58.5;58.6;58.3;58.5;30.06;30.05;0.0;0.0;0.01
IBLUMENA15;America/Sao_Paulo;2020-07-10T21:29:57Z;2020-07-10 18:29:57;1594416597;-26.80653;-49.092304;0.0;0.0;136;96.0;95.0;95.0;-1;58.3;57.9;1.1;0.0;0.2;1.1;0.0;0.4;56.8;56.5;56.6;58.3;57.9;58.0;58.3;57.9;58.0;30.06;30.05;-0.04;0.0;0.01
IBLUMENA15;America/Sao_Paulo;2020-07-10T21:34:45Z;2020-07-10 18:34:45;1594416885;-26.80653;-49.092304;0.0;0.0;138;96.0;95.0;95.9;-1;57.9;57.6;0.0;0.0;0.0;0.0;0.0;0.0;56.8;56.5;56.6;57.9;57.6;57.7;57.9;57.6;57.7;30.05;30.05;0.04;0.0;0.01
IBLUMENA15;America/Sao_Paulo;2020-07-10T21:39:49Z;2020-07-10 18:39:49;1594417189;-26.80653;-49.092304;0.0;0.0;138;96.0;96.0;96.0;-1;57.7;57.4;0.0;0.0;0.0;0.0;0.0;0.0;56.7;56.3;56.5;57.7;57.4;57.6;57.7;57.4;57.6;30.06;30.05;0.04;0.0;0.01
IBLUMENA15;America/Sao_Paulo;2020-07-10T21:44:53Z;2020-07-10 18:44:53;1594417493;-26.80653;-49.092304;0.0;0.0;145;96.0;96.0;96.0;-1;57.6;57.4;0.7;0.0;0.1;1.1;0.0;0.3;56.5;56.3;56.4;57.6;57.4;57.5;57.6;57.4;57.5;30.06;30.05;0.04;0.0;0.01
IBLUMENA15;America/Sao_Paulo;2020-07-10T21:49:57Z;2020-07-10 18:49:57;1594417797;-26.80653;-49.092304;0.0;0.0;146;96.0;96.0;96.0;-1;57.6;57.4;0.9;0.0;0.2;1.1;0.0;0.4;56.5;56.3;56.3;57.6;57.4;57.4;57.6;57.4;57.4;30.06;30.05;-0.08;0.0;0.01
IBLUMENA15;America/Sao_Paulo;2020-07-10T21:54:45Z;2020-07-10 18:54:45;1594418085;-26.80653;-49.092304;0.0;0.0;146;96.0;96.0;96.0;-1;57.2;56.8;0.9;0.0;0.2;1.1;0.0;0.4;56.1;55.8;56.0;57.2;56.8;57.0;57.2;56.8;57.0;30.06;30.05;0.0;0.0;0.01
IBLUMENA15;America/Sao_Paulo;2020-07-10T21:59:49Z;2020-07-10 18:59:49;1594418389;-26.80653;-49.092304;0.0;0.0;147;97.0;96.0;96.5;-1;56.8;56.7;0.0;0.0;0.0;0.0;0.0;0.0;55.9;55.6;55.8;56.8;56.7;56.7;56.8;56.7;56.7;30.06;30.05;0.04;0.0;0.01
IBLUMENA15;America/Sao_Paulo;2020-07-10T22:04:53Z;2020-07-10 19:04:53;1594418693;-26.80653;-49.092304;0.0;0.0;147;97.0;97.0;97.0;-1;56.8;56.7;0.0;0.0;0.0;0.0;0.0;0.0;56.1;55.9;56.0;56.8;56.7;56.8;56.8;56.7;56.8;30.07;30.05;0.04;0.0;0.01
IBLUMENA15;America/Sao_Paulo;2020-07-10T22:09:57Z;2020-07-10 19:09:57;1594418997;-26.80653;-49.092304;0.0;0.0;148;97.0;97.0;97.0;-1;56.8;56.7;0.2;0.0;0.0;1.1;0.0;0.2;56.1;55.9;56.0;56.8;56.7;56.8;56.8;56.7;56.8;30.07;30.06;0.08;0.0;0.01
IBLUMENA15;America/Sao_Paulo;2020-07-10T22:14:45Z;2020-07-10 19:14:45;1594419285;-26.80653;-49.092304;0.0;0.0;157;97.0;97.0;97.0;-1;57.0;56.7;1.1;0.0;0.3;1.1;0.0;0.4;56.3;55.9;56.1;57.0;56.7;56.8;57.0;56.7;56.8;30.07;30.06;-0.04;0.0;0.01
IBLUMENA15;America/Sao_Paulo;2020-07-10T22:19:49Z;2020-07-10 19:19:49;1594419589;-26.80653;-49.092304;0.0;0.0;160;97.0;97.0;97.0;-1;57.0;56.8;0.7;0.0;0.1;1.1;0.0;0.3;56.3;56.1;56.2;57.0;56.8;56.9;57.0;56.8;56.9;30.07;30.06;0.04;0.0;0.01
IBLUMENA15;America/Sao_Paulo;2020-07-10T22:24:53Z;2020-07-10 19:24:53;1594419893;-26.80653;-49.092304;0.0;0.0;146;97.0;97.0;97.0;-1;57.0;56.7;1.3;0.0;0.4;2.2;0.0;0.7;56.3;55.9;56.1;57.0;56.7;56.8;57.0;56.7;56.8;30.07;30.06;0.0;0.0;0.01
IBLUMENA15;America/Sao_Paulo;2020-07-10T22:29:57Z;2020-07-10 19:29:57;1594420197;-26.80653;-49.092304;0.0;0.0;140;97.0;97.0;97.0;-1;56.7;56.1;0.7;0.0;0.0;1.1;0.0;0.1;55.9;55.4;55.7;56.7;56.1;56.4;56.7;56.1;56.4;30.07;30.07;0.04;0.0;0.01
IBLUMENA15;America/Sao_Paulo;2020-07-10T22:34:45Z;2020-07-10 19:34:45;1594420485;-26.80653;-49.092304;0.0;0.0;141;97.0;97.0;97.0;-1;56.1;56.1;0.0;0.0;0.0;0.0;0.0;0.0;55.4;55.4;55.4;56.1;56.1;56.1;56.1;56.1;56.1;30.07;30.06;-0.04;0.0;0.01
IBLUMENA15;America/Sao_Paulo;2020-07-10T22:39:49Z;2020-07-10 19:39:49;1594420789;-26.80653;-49.092304;0.0;0.0;141;97.0;97.0;97.0;-1;56.1;55.8;0.0;0.0;0.0;0.0;0.0;0.0;55.4;55.0;55.2;56.1;55.8;55.9;56.1;55.8;55.9;30.07;30.06;0.08;0.0;0.01
IBLUMENA15;America/Sao_Paulo;2020-07-10T22:44:53Z;2020-07-10 19:44:53;1594421093;-26.80653;-49.092304;0.0;0.0;141;98.0;97.0;97.0;-1;55.8;55.8;0.0;0.0;0.0;0.0;0.0;0.0;55.2;55.0;55.0;55.8;55.8;55.8;55.8;55.8;55.8;30.07;30.07;-0.08;0.0;0.01
IBLUMENA15;America/Sao_Paulo;2020-07-10T22:49:57Z;2020-07-10 19:49:57;1594421397;-26.80653;-49.092304;0.0;0.0;141;98.0;98.0;98.0;-1;55.9;55.8;0.0;0.0;0.0;0.0;0.0;0.0;55.4;55.2;55.2;55.9;55.8;55.8;55.9;55.8;55.8;30.07;30.07;0.08;0.0;0.01
IBLUMENA15;America/Sao_Paulo;2020-07-10T22:54:45Z;2020-07-10 19:54:45;1594421685;-26.80653;-49.092304;0.0;0.0;141;98.0;98.0;98.0;-1;55.9;55.8;0.0;0.0;0.0;0.0;0.0;0.0;55.4;55.2;55.3;55.9;55.8;55.9;55.9;55.8;55.9;30.07;30.07;-0.04;0.0;0.01
IBLUMENA15;America/Sao_Paulo;2020-07-10T22:59:49Z;2020-07-10 19:59:49;1594421989;-26.80653;-49.092304;0.0;0.0;140;98.0;98.0;98.0;-1;55.8;55.6;0.7;0.0;0.1;1.1;0.0;0.4;55.2;55.0;55.2;55.8;55.6;55.8;55.8;55.6;55.8;30.08;30.07;0.08;0.0;0.01
IBLUMENA15;America/Sao_Paulo;2020-07-10T23:04:53Z;2020-07-10 20:04:53;1594422293;-26.80653;-49.092304;0.0;0.0;141;98.0;98.0;98.0;-1;55.6;55.4;0.0;0.0;0.0;0.0;0.0;0.0;55.0;54.9;54.9;55.6;55.4;55.4;55.6;55.4;55.4;30.08;30.07;0.04;0.0;0.01
IBLUMENA15;America/Sao_Paulo;2020-07-10T23:09:57Z;2020-07-10 20:09:57;1594422597;-26.80653;-49.092304;0.0;0.0;141;98.0;98.0;98.0;-1;55.6;55.4;0.0;0.0;0.0;0.0;0.0;0.0;55.0;54.9;54.9;55.6;55.4;55.4;55.6;55.4;55.4;30.08;30.07;0.04;0.0;0.01
IBLUMENA15;America/Sao_Paulo;2020-07-10T23:14:45Z;2020-07-10 20:14:45;1594422885;-26.80653;-49.092304;0.0;0.0;141;98.0;98.0;98.0;-1;55.4;55.2;0.0;0.0;0.0;0.0;0.0;0.0;54.9;54.7;54.7;55.4;55.2;55.2;55.4;55.2;55.2;30.08;30.07;-0.04;0.0;0.01
IBLUMENA15;America/Sao_Paulo;2020-07-10T23:19:49Z;2020-07-10 20:19:49;1594423189;-26.80653;-49.092304;0.0;0.0;141;98.0;98.0;98.0;-1;55.2;55.2;0.0;0.0;0.0;0.0;0.0;0.0;54.7;54.7;54.7;55.2;55.2;55.2;55.2;55.2;55.2;30.08;30.07;-0.08;0.0;0.01
IBLUMENA15;America/Sao_Paulo;2020-07-10T23:24:53Z;2020-07-10 20:24:53;1594423493;-26.80653;-49.092304;0.0;0.0;141;99.0;98.0;98.3;-1;55.0;55.0;0.0;0.0;0.0;0.0;0.0;0.0;54.7;54.5;54.6;55.0;55.0;55.0;55.0;55.0;55.0;30.08;30.07;0.08;0.0;0.01
IBLUMENA15;America/Sao_Paulo;2020-07-10T23:29:57Z;2020-07-10 20:29:57;1594423797;-26.80653;-49.092304;0.0;0.0;141;99.0;99.0;99.0;-1;55.2;55.0;0.0;0.0;0.0;0.0;0.0;0.0;54.9;54.7;54.9;55.2;55.0;55.2;55.2;55.0;55.2;30.08;30.08;0.04;0.0;0.01
IBLUMENA15;America/Sao_Paulo;2020-07-10T23:34:45Z;2020-07-10 20:34:45;1594424085;-26.80653;-49.092304;0.0;0.0;141;99.0;99.0;99.0;-1;55.2;55.2;0.0;0.0;0.0;0.0;0.0;0.0;54.9;54.9;54.9;55.2;55.2;55.2;55.2;55.2;55.2;30.08;30.08;0.04;0.0;0.01
IBLUMENA15;America/Sao_Paulo;2020-07-10T23:39:49Z;2020-07-10 20:39:49;1594424389;-26.80653;-49.092304;0.0;0.0;131;99.0;99.0;99.0;-1;55.2;55.2;1.3;0.0;0.2;2.2;0.0;0.3;54.9;54.9;54.9;55.2;55.2;55.2;55.2;55.2;55.2;30.09;30.08;0.0;0.0;0.01
IBLUMENA15;America/Sao_Paulo;2020-07-10T23:44:53Z;2020-07-10 20:44:53;1594424693;-26.80653;-49.092304;0.0;0.0;130;99.0;99.0;99.0;-1;55.2;54.7;1.1;0.0;0.3;1.1;0.0;0.4;54.9;54.3;54.4;55.2;54.7;54.8;55.2;54.7;54.8;30.09;30.08;0.0;0.0;0.01
IBLUMENA15;America/Sao_Paulo;2020-07-10T23:49:57Z;2020-07-10 20:49:57;1594424997;-26.80653;-49.092304;0.0;0.0;136;99.0;99.0;99.0;-1;54.7;54.5;0.0;0.0;0.0;0.0;0.0;0.0;54.3;54.1;54.1;54.7;54.5;54.5;54.7;54.5;54.5;30.09;30.08;0.0;0.0;0.01
IBLUMENA15;America/Sao_Paulo;2020-07-10T23:54:45Z;2020-07-10 20:54:45;1594425285;-26.80653;-49.092304;0.0;0.0;133;99.0;99.0;99.0;-1;54.7;54.7;1.6;0.0;0.4;3.4;0.0;0.7;54.3;54.3;54.3;54.7;54.7;54.7;54.7;54.7;54.7;30.08;30.08;-0.04;0.0;0.01
IBLUMENA15;America/Sao_Paulo;2020-07-10T23:59:49Z;2020-07-10 20:59:49;1594425589;-26.80653;-49.092304;0.0;0.0;143;99.0;99.0;99.0;-1;54.7;54.3;1.3;0.0;0.4;2.2;0.0;1.0;54.3;54.0;54.1;54.7;54.3;54.4;54.7;54.3;54.4;30.09;30.08;0.08;0.0;0.01
IBLUMENA15;America/Sao_Paulo;2020-07-11T00:04:53Z;2020-07-10 21:04:53;1594425893;-26.80653;-49.092304;0.0;0.0;153;99.0;99.0;99.0;-1;55.0;54.5;0.9;0.0;0.2;1.1;0.0;0.4;54.7;54.1;54.5;55.0;54.5;54.9;55.0;54.5;54.9;30.09;30.08;0.0;0.0;0.01
IBLUMENA15;America/Sao_Paulo;2020-07-11T00:09:57Z;2020-07-10 21:09:57;1594426197;-26.80653;-49.092304;0.0;0.0;152;99.0;99.0;99.0;-1;54.9;54.9;0.0;0.0;0.0;0.0;0.0;0.0;54.5;54.5;54.5;54.9;54.9;54.9;54.9;54.9;54.9;30.09;30.08;0.0;0.0;0.01
IBLUMENA15;America/Sao_Paulo;2020-07-11T00:14:45Z;2020-07-10 21:14:45;1594426485;-26.80653;-49.092304;0.0;0.0;137;99.0;99.0;99.0;-1;54.9;54.5;1.3;0.0;0.5;2.2;0.0;0.8;54.5;54.1;54.3;54.9;54.5;54.7;54.9;54.5;54.7;30.09;30.08;0.0;0.0;0.01
IBLUMENA15;America/Sao_Paulo;2020-07-11T00:19:49Z;2020-07-10 21:19:49;1594426789;-26.80653;-49.092304;0.0;0.0;138;99.0;99.0;99.0;-1;54.7;54.5;0.2;0.0;0.0;1.1;0.0;0.2;54.3;54.1;54.1;54.7;54.5;54.5;54.7;54.5;54.5;30.09;30.08;-0.04;0.0;0.01
IBLUMENA15;America/Sao_Paulo;2020-07-11T00:24:53Z;2020-07-10 21:24:53;1594427093;-26.80653;-49.092304;0.0;0.0;137;99.0;99.0;99.0;-1;54.9;54.7;1.1;0.0;0.3;1.1;0.0;0.6;54.5;54.3;54.3;54.9;54.7;54.7;54.9;54.7;54.7;30.09;30.08;0.08;0.0;0.01
IBLUMENA15;America/Sao_Paulo;2020-07-11T00:29:57Z;2020-07-10 21:29:57;1594427397;-26.80653;-49.092304;0.0;0.0;138;99.0;99.0;99.0;-1;55.0;54.9;0.7;0.0;0.1;1.1;0.0;0.2;54.7;54.5;54.5;55.0;54.9;54.9;55.0;54.9;54.9;30.09;30.08;-0.04;0.0;0.01
IBLUMENA15;America/Sao_Paulo;2020-07-11T00:34:45Z;2020-07-10 21:34:45;1594427685;-26.80653;-49.092304;0.0;0.0;137;99.0;99.0;99.0;-1;55.0;55.0;0.9;0.0;0.2;1.1;0.0;0.4;54.7;54.7;54.7;55.0;55.0;55.0;55.0;55.0;55.0;30.09;30.08;0.0;0.0;0.01
IBLUMENA15;America/Sao_Paulo;2020-07-11T00:39:49Z;2020-07-10 21:39:49;1594427989;-26.80653;-49.092304;0.0;0.0;138;99.0;99.0;99.0;-1;55.2;55.0;0.0;0.0;0.0;0.0;0.0;0.0;54.9;54.7;54.8;55.2;55.0;55.1;55.2;55.0;55.1;30.09;30.09;0.08;0.0;0.01
IBLUMENA15;America/Sao_Paulo;2020-07-11T00:44:53Z;2020-07-10 21:44:53;1594428293;-26.80653;-49.092304;0.0;0.0;138;99.0;99.0;99.0;-1;55.4;55.2;0.0;0.0;0.0;0.0;0.0;0.0;55.0;54.9;54.9;55.4;55.2;55.3;55.4;55.2;55.3;30.09;30.09;-0.04;0.0;0.01
IBLUMENA15;America/Sao_Paulo;2020-07-11T00:49:57Z;2020-07-10 21:49:57;1594428597;-26.80653;-49.092304;0.0;0.0;137;99.0;99.0;99.0;-1;55.6;55.4;1.1;0.0;0.4;2.2;0.0;0.8;55.2;55.0;55.0;55.6;55.4;55.4;55.6;55.4;55.4;30.09;30.08;-0.08;0.0;0.01
IBLUMENA15;America/Sao_Paulo;2020-07-11T00:54:45Z;2020-07-10 21:54:45;1594428885;-26.80653;-49.092304;0.0;0.0;137;99.0;99.0;99.0;-1;55.8;55.6;0.7;0.0;0.1;1.1;0.0;0.4;55.4;55.2;55.2;55.8;55.6;55.6;55.8;55.6;55.6;30.09;30.08;0.0;0.0;0.01
IBLUMENA15;America/Sao_Paulo;2020-07-11T00:59:49Z;2020-07-10 21:59:49;1594429189;-26.80653;-49.092304;0.0;0.0;137;99.0;99.0;99.0;-1;55.8;55.8;0.9;0.0;0.5;1.1;0.0;0.8;55.4;55.4;55.4;55.8;55.8;55.8;55.8;55.8;55.8;30.09;30.08;-0.04;0.0;0.01
IBLUMENA15;America/Sao_Paulo;2020-07-11T01:04:53Z;2020-07-10 22:04:53;1594429493;-26.80653;-49.092304;0.0;0.0;137;99.0;98.0;98.9;-1;55.9;55.8;0.9;0.0;0.3;1.1;0.0;0.5;55.6;55.4;55.5;55.9;55.8;55.8;55.9;55.8;55.8;30.09;30.08;0.04;0.0;0.01
IBLUMENA15;America/Sao_Paulo;2020-07-11T01:09:57Z;2020-07-10 22:09:57;1594429797;-26.80653;-49.092304;0.0;0.0;136;99.0;98.0;98.3;-1;56.1;55.9;1.8;0.0;0.8;2.2;0.0;1.2;55.8;55.6;55.6;56.1;55.9;56.1;56.1;55.9;56.1;30.09;30.08;0.0;0.0;0.01
IBLUMENA15;America/Sao_Paulo;2020-07-11T01:14:45Z;2020-07-10 22:14:45;1594430085;-26.80653;-49.092304;0.0;0.0;137;98.0;98.0;98.0;-1;56.1;56.1;0.9;0.0;0.1;2.2;0.0;0.3;55.6;55.6;55.6;56.1;56.1;56.1;56.1;56.1;56.1;30.08;30.08;-0.08;0.0;0.01
IBLUMENA15;America/Sao_Paulo;2020-07-11T01:19:49Z;2020-07-10 22:19:49;1594430389;-26.80653;-49.092304;0.0;0.0;132;98.0;98.0;98.0;-1;56.3;56.1;1.3;0.0;0.4;2.2;0.0;0.6;55.8;55.6;55.8;56.3;56.1;56.3;56.3;56.1;56.3;30.09;30.08;0.11;0.0;0.01
IBLUMENA15;America/Sao_Paulo;2020-07-11T01:24:53Z;2020-07-10 22:24:53;1594430693;-26.80653;-49.092304;0.0;0.0;129;99.0;98.0;98.0;-1;56.3;56.3;1.3;0.0;0.7;2.2;0.0;1.0;55.9;55.8;55.8;56.3;56.3;56.3;56.3;56.3;56.3;30.09;30.08;-0.08;0.0;0.01
IBLUMENA15;America/Sao_Paulo;2020-07-11T01:29:57Z;2020-07-10 22:29:57;1594430997;-26.80653;-49.092304;0.0;0.0;128;99.0;98.0;98.1;-1;56.3;56.1;1.1;0.0;0.2;1.1;0.0;0.3;55.9;55.6;55.7;56.3;56.1;56.2;56.3;56.1;56.2;30.09;30.08;0.08;0.0;0.01
IBLUMENA15;America/Sao_Paulo;2020-07-11T01:34:45Z;2020-07-10 22:34:45;1594431285;-26.80653;-49.092304;0.0;0.0;130;98.0;98.0;98.0;-1;56.3;56.3;0.0;0.0;0.0;0.0;0.0;0.0;55.8;55.8;55.8;56.3;56.3;56.3;56.3;56.3;56.3;30.09;30.08;0.0;0.0;0.01
IBLUMENA15;America/Sao_Paulo;2020-07-11T01:39:49Z;2020-07-10 22:39:49;1594431589;-26.80653;-49.092304;0.0;0.0;129;99.0;98.0;98.1;-1;56.5;56.3;1.1;0.0;0.7;2.2;0.0;1.0;55.9;55.8;55.8;56.5;56.3;56.3;56.5;56.3;56.3;30.09;30.08;-0.04;0.0;0.01
IBLUMENA15;America/Sao_Paulo;2020-07-11T01:44:53Z;2020-07-10 22:44:53;1594431893;-26.80653;-49.092304;0.0;0.0;128;98.0;98.0;98.0;-1;56.5;56.3;1.1;0.0;0.4;1.1;0.0;0.9;55.9;55.8;55.9;56.5;56.3;56.5;56.5;56.3;56.5;30.09;30.08;0.04;0.0;0.01
IBLUMENA15;America/Sao_Paulo;2020-07-11T01:49:57Z;2020-07-10 22:49:57;1594432197;-26.80653;-49.092304;0.0;0.0;128;99.0;98.0;98.1;-1;56.5;56.3;1.3;0.0;0.4;2.2;0.0;0.6;56.1;55.8;55.9;56.5;56.3;56.4;56.5;56.3;56.4;30.09;30.08;0.04;0.0;0.01
IBLUMENA15;America/Sao_Paulo;2020-07-11T01:54:45Z;2020-07-10 22:54:45;1594432485;-26.80653;-49.092304;0.0;0.0;128;99.0;98.0;98.4;-1;56.7;56.5;0.7;0.0;0.1;1.1;0.0;0.2;56.3;55.9;56.1;56.7;56.5;56.6;56.7;56.5;56.6;30.09;30.08;-0.04;0.0;0.01
IBLUMENA15;America/Sao_Paulo;2020-07-11T01:59:49Z;2020-07-10 22:59:49;1594432789;-26.80653;-49.092304;0.0;0.0;128;99.0;98.0;98.4;-1;56.8;56.7;0.9;0.0;0.2;1.1;0.0;0.5;56.3;56.1;56.2;56.8;56.7;56.7;56.8;56.7;56.7;30.1;30.09;0.08;0.0;0.01
IBLUMENA15;America/Sao_Paulo;2020-07-11T02:04:53Z;2020-07-10 23:04:53;1594433093;-26.80653;-49.092304;0.0;0.0;129;98.0;98.0;98.0;-1;56.8;56.8;0.0;0.0;0.0;0.0;0.0;0.0;56.3;56.3;56.3;56.8;56.8;56.8;56.8;56.8;56.8;30.1;30.08;-0.11;0.0;0.01
IBLUMENA15;America/Sao_Paulo;2020-07-11T02:09:57Z;2020-07-10 23:09:57;1594433397;-26.80653;-49.092304;0.0;0.0;129;98.0;98.0;98.0;-1;56.8;56.8;0.2;0.0;0.0;1.1;0.0;0.2;56.3;56.3;56.3;56.8;56.8;56.8;56.8;56.8;56.8;30.1;30.08;0.11;0.0;0.01
IBLUMENA15;America/Sao_Paulo;2020-07-11T02:14:45Z;2020-07-10 23:14:45;1594433685;-26.80653;-49.092304;0.0;0.0;129;98.0;98.0;98.0;-1;56.8;56.8;0.0;0.0;0.0;0.0;0.0;0.0;56.3;56.3;56.3;56.8;56.8;56.8;56.8;56.8;56.8;30.1;30.09;0.0;0.0;0.01
IBLUMENA15;America/Sao_Paulo;2020-07-11T02:19:49Z;2020-07-10 23:19:49;1594433989;-26.80653;-49.092304;0.0;0.0;129;98.0;98.0;98.0;-1;56.8;56.7;0.2;0.0;0.0;1.1;0.0;0.1;56.3;56.1;56.2;56.8;56.7;56.8;56.8;56.7;56.8;30.1;30.09;0.04;0.0;0.01
IBLUMENA15;America/Sao_Paulo;2020-07-11T02:24:53Z;2020-07-10 23:24:53;1594434293;-26.80653;-49.092304;0.0;0.0;129;98.0;98.0;98.0;-1;56.7;56.7;0.0;0.0;0.0;0.0;0.0;0.0;56.1;56.1;56.1;56.7;56.7;56.7;56.7;56.7;56.7;30.1;30.09;-0.04;0.0;0.01
IBLUMENA15;America/Sao_Paulo;2020-07-11T02:29:57Z;2020-07-10 23:29:57;1594434597;-26.80653;-49.092304;0.0;0.0;129;98.0;98.0;98.0;-1;56.7;56.7;0.7;0.0;0.1;1.1;0.0;0.2;56.1;56.1;56.1;56.7;56.7;56.7;56.7;56.7;56.7;30.1;30.09;0.11;0.0;0.01
IBLUMENA15;America/Sao_Paulo;2020-07-11T02:34:45Z;2020-07-10 23:34:45;1594434885;-26.80653;-49.092304;0.0;0.0;129;99.0;98.0;98.3;-1;56.7;56.7;0.0;0.0;0.0;0.0;0.0;0.0;56.3;56.1;56.2;56.7;56.7;56.7;56.7;56.7;56.7;30.1;30.09;-0.12;0.0;0.01
IBLUMENA15;America/Sao_Paulo;2020-07-11T02:39:49Z;2020-07-10 23:39:49;1594435189;-26.80653;-49.092304;0.0;0.0;129;99.0;99.0;99.0;-1;56.7;56.7;0.9;0.0;0.1;1.1;0.0;0.3;56.3;56.3;56.3;56.7;56.7;56.7;56.7;56.7;56.7;30.1;30.09;0.08;0.0;0.01
IBLUMENA15;America/Sao_Paulo;2020-07-11T02:44:53Z;2020-07-10 23:44:53;1594435493;-26.80653;-49.092304;0.0;0.0;128;99.0;99.0;99.0;-1;56.7;56.5;1.1;0.0;0.6;1.1;0.0;0.9;56.3;56.1;56.2;56.7;56.5;56.6;56.7;56.5;56.6;30.1;30.09;-0.04;0.0;0.01
IBLUMENA15;America/Sao_Paulo;2020-07-11T02:49:57Z;2020-07-10 23:49:57;1594435797;-26.80653;-49.092304;0.0;0.0;128;99.0;99.0;99.0;-1;56.7;56.7;1.1;0.0;0.3;1.1;0.0;0.6;56.3;56.3;56.3;56.7;56.7;56.7;56.7;56.7;56.7;30.1;30.09;-0.04;0.0;0.01
IBLUMENA15;America/Sao_Paulo;2020-07-11T02:54:45Z;2020-07-10 23:54:45;1594436085;-26.80653;-49.092304;0.0;0.0;128;99.0;99.0;99.0;-1;56.7;56.7;1.1;0.0;0.4;1.1;0.0;0.7;56.3;56.3;56.3;56.7;56.7;56.7;56.7;56.7;56.7;30.1;30.09;0.0;0.0;0.01
IBLUMENA15;America/Sao_Paulo;2020-07-11T02:59:49Z;2020-07-10 23:59:49;1594436389;-26.80653;-49.092304;0.0;0.0;128;99.0;99.0;99.0;-1;56.7;56.7;0.9;0.0;0.2;1.1;0.0;0.4;56.3;56.3;56.3;56.7;56.7;56.7;56.7;56.7;56.7;30.1;30.09;0.04;0.0;0.01
