IBLUMENA15;America/Sao_Paulo;2020-07-11T03:04:52Z;2020-07-11 00:04:52;1594436692;-26.80653;-49.092304;0.0;0.0;128;99.0;99.0;99.0;-1;56.7;56.7;1.1;0.0;0.6;1.1;0.0;0.9;56.3;56.3;56.3;56.7;56.7;56.7;56.7;56.7;56.7;30.1;30.09;-0.08;0.0;0.0
IBLUMENA15;America/Sao_Paulo;2020-07-11T03:09:56Z;2020-07-11 00:09:56;1594436996;-26.80653;-49.092304;0.0;0.0;128;99.0;99.0;99.0;-1;56.5;56.5;1.1;0.0;0.4;1.1;0.0;0.7;56.1;56.1;56.1;56.5;56.5;56.5;56.5;56.5;56.5;30.09;30.08;-0.08;0.0;0.0
IBLUMENA15;America/Sao_Paulo;2020-07-11T03:14:44Z;2020-07-11 00:14:44;1594437284;-26.80653;-49.092304;0.0;0.0;128;99.0;99.0;99.0;-1;56.5;56.3;1.1;0.2;0.7;1.1;1.1;1.1;56.1;55.9;56.0;56.5;56.3;56.4;56.5;56.3;56.4;30.09;30.08;0.04;0.0;0.0
IBLUMENA15;America/Sao_Paulo;2020-07-11T03:19:48Z;2020-07-11 00:19:48;1594437588;-26.80653;-49.092304;0.0;0.0;128;99.0;99.0;99.0;-1;56.3;56.3;1.1;0.0;0.3;1.1;0.0;0.4;55.9;55.9;55.9;56.3;56.3;56.3;56.3;56.3;56.3;30.09;30.08;-0.11;0.0;0.0
IBLUMENA15;America/Sao_Paulo;2020-07-11T03:24:52Z;2020-07-11 00:24:52;1594437892;-26.80653;-49.092304;0.0;0.0;129;99.0;99.0;99.0;-1;56.1;56.1;0.0;0.0;0.0;0.0;0.0;0.0;55.8;55.8;55.8;56.1;56.1;56.1;56.1;56.1;56.1;30.08;30.08;0.08;0.0;0.0
IBLUMENA15;America/Sao_Paulo;2020-07-11T03:29:56Z;2020-07-11 00:29:56;1594438196;-26.80653;-49.092304;0.0;0.0;129;99.0;99.0;99.0;-1;56.1;56.1;0.0;0.0;0.0;0.0;0.0;0.0;55.8;55.8;55.8;56.1;56.1;56.1;56.1;56.1;56.1;30.09;30.08;-0.04;0.0;0.0
IBLUMENA15;America/Sao_Paulo;2020-07-11T03:34:44Z;2020-07-11 00:34:44;1594438484;-26.80653;-49.092304;0.0;0.0;129;99.0;99.0;99.0;-1;56.1;56.1;0.9;0.0;0.2;1.1;0.0;0.3;55.8;55.8;55.8;56.1;56.1;56.1;56.1;56.1;56.1;30.09;30.08;-0.04;0.0;0.0
IBLUMENA15;America/Sao_Paulo;2020-07-11T03:39:48Z;2020-07-11 00:39:48;1594438788;-26.80653;-49.092304;0.0;0.0;129;99.0;99.0;99.0;-1;56.1;55.6;0.4;0.0;0.1;1.1;0.0;0.2;55.8;55.2;55.5;56.1;55.6;55.8;56.1;55.6;55.8;30.08;30.08;0.04;0.0;0.0
IBLUMENA15;America/Sao_Paulo;2020-07-11T03:44:52Z;2020-07-11 00:44:52;1594439092;-26.80653;-49.092304;0.0;0.0;129;99.0;99.0;99.0;-1;55.6;55.4;0.7;0.0;0.1;1.1;0.0;0.4;55.2;55.0;55.2;55.6;55.4;55.6;55.6;55.4;55.6;30.08;30.08;0.04;0.0;0.0
IBLUMENA15;America/Sao_Paulo;2020-07-11T03:49:56Z;2020-07-11 00:49:56;1594439396;-26.80653;-49.092304;0.0;0.0;129;99.0;99.0;99.0;-1;55.4;55.4;0.0;0.0;0.0;0.0;0.0;0.0;55.0;55.0;55.0;55.4;55.4;55.4;55.4;55.4;55.4;30.09;30.08;0.04;0.0;0.0
IBLUMENA15;America/Sao_Paulo;2020-07-11T03:54:44Z;2020-07-11 00:54:44;1594439684;-26.80653;-49.092304;0.0;0.0;129;99.0;99.0;99.0;-1;55.4;55.4;0.0;0.0;0.0;0.0;0.0;0.0;55.0;55.0;55.0;55.4;55.4;55.4;55.4;55.4;55.4;30.09;30.07;-0.12;0.0;0.0
IBLUMENA15;America/Sao_Paulo;2020-07-11T03:59:48Z;2020-07-11 00:59:48;1594439988;-26.80653;-49.092304;0.0;0.0;129;99.0;99.0;99.0;-1;55.4;55.0;0.0;0.0;0.0;0.0;0.0;0.0;55.0;54.7;54.9;55.4;55.0;55.2;55.4;55.0;55.2;30.09;30.08;0.11;0.0;0.0
IBLUMENA15;America/Sao_Paulo;2020-07-11T04:04:52Z;2020-07-11 01:04:52;1594440292;-26.80653;-49.092304;0.0;0.0;129;99.0;99.0;99.0;-1;55.0;55.0;0.0;0.0;0.0;0.0;0.0;0.0;54.7;54.7;54.7;55.0;55.0;55.0;55.0;55.0;55.0;30.09;30.08;0.0;0.0;0.0
IBLUMENA15;America/Sao_Paulo;2020-07-11T04:09:56Z;2020-07-11 01:09:56;1594440596;-26.80653;-49.092304;0.0;0.0;129;99.0;99.0;99.0;-1;55.2;55.0;0.0;0.0;0.0;0.0;0.0;0.0;54.9;54.7;54.8;55.2;55.0;55.1;55.2;55.0;55.1;30.09;30.08;-0.04;0.0;0.0
IBLUMENA15;America/Sao_Paulo;2020-07-11T04:14:44Z;2020-07-11 01:14:44;1594440884;-26.80653;-49.092304;0.0;0.0;129;99.0;99.0;99.0;-1;55.2;55.2;0.0;0.0;0.0;0.0;0.0;0.0;54.9;54.9;54.9;55.2;55.2;55.2;55.2;55.2;55.2;30.09;30.08;0.04;0.0;0.0
IBLUMENA15;America/Sao_Paulo;2020-07-11T04:19:48Z;2020-07-11 01:19:48;1594441188;-26.80653;-49.092304;0.0;0.0;129;99.0;99.0;99.0;-1;55.2;55.2;0.0;0.0;0.0;0.0;0.0;0.0;54.9;54.9;54.9;55.2;55.2;55.2;55.2;55.2;55.2;30.09;30.08;-0.04;0.0;0.0
IBLUMENA15;America/Sao_Paulo;2020-07-11T04:24:52Z;2020-07-11 01:24:52;1594441492;-26.80653;-49.092304;0.0;0.0;129;99.0;99.0;99.0;-1;55.2;55.2;0.0;0.0;0.0;0.0;0.0;0.0;54.9;54.9;54.9;55.2;55.2;55.2;55.2;55.2;55.2;30.09;30.08;-0.08;0.0;0.0
IBLUMENA15;America/Sao_Paulo;2020-07-11T04:29:56Z;2020-07-11 01:29:56;1594441796;-26.80653;-49.092304;0.0;0.0;129;99.0;99.0;99.0;-1;55.4;55.2;0.0;0.0;0.0;0.0;0.0;0.0;55.0;54.9;55.0;55.4;55.2;55.3;55.4;55.2;55.3;30.08;30.08;0.04;0.0;0.0
IBLUMENA15;America/Sao_Paulo;2020-07-11T04:34:44Z;2020-07-11 01:34:44;1594442084;-26.80653;-49.092304;0.0;0.0;129;99.0;99.0;99.0;-1;55.4;55.4;0.0;0.0;0.0;0.0;0.0;0.0;55.0;55.0;55.0;55.4;55.4;55.4;55.4;55.4;55.4;30.08;30.07;0.04;0.0;0.0
IBLUMENA15;America/Sao_Paulo;2020-07-11T04:39:48Z;2020-07-11 01:39:48;1594442388;-26.80653;-49.092304;0.0;0.0;129;99.0;99.0;99.0;-1;55.6;55.4;0.0;0.0;0.0;0.0;0.0;0.0;55.2;55.0;55.2;55.6;55.4;55.6;55.6;55.4;55.6;30.09;30.07;0.0;0.0;0.0
IBLUMENA15;America/Sao_Paulo;2020-07-11T04:44:52Z;2020-07-11 01:44:52;1594442692;-26.80653;-49.092304;0.0;0.0;129;99.0;99.0;99.0;-1;55.6;55.6;0.0;0.0;0.0;0.0;0.0;0.0;55.2;55.2;55.2;55.6;55.6;55.6;55.6;55.6;55.6;30.08;30.08;-0.04;0.0;0.0
IBLUMENA15;America/Sao_Paulo;2020-07-11T04:49:56Z;2020-07-11 01:49:56;1594442996;-26.80653;-49.092304;0.0;0.0;130;99.0;99.0;99.0;-1;55.6;55.6;0.0;0.0;0.0;0.0;0.0;0.0;55.2;55.2;55.2;55.6;55.6;55.6;55.6;55.6;55.6;30.08;30.08;0.04;0.0;0.0
IBLUMENA15;America/Sao_Paulo;2020-07-11T04:54:44Z;2020-07-11 01:54:44;1594443284;-26.80653;-49.092304;0.0;0.0;129;99.0;99.0;99.0;-1;55.6;55.6;0.0;0.0;0.0;0.0;0.0;0.0;55.2;55.2;55.2;55.6;55.6;55.6;55.6;55.6;55.6;30.09;30.08;0.04;0.0;0.0
IBLUMENA15;America/Sao_Paulo;2020-07-11T04:59:48Z;2020-07-11 01:59:48;1594443588;-26.80653;-49.092304;0.0;0.0;129;99.0;99.0;99.0;-1;55.6;55.6;0.0;0.0;0.0;0.0;0.0;0.0;55.2;55.2;55.2;55.6;55.6;55.6;55.6;55.6;55.6;30.09;30.07;-0.15;0.0;0.0
IBLUMENA15;America/Sao_Paulo;2020-07-11T05:04:52Z;2020-07-11 02:04:52;1594443892;-26.80653;-49.092304;0.0;0.0;129;99.0;99.0;99.0;-1;55.6;55.4;0.9;0.0;0.2;1.1;0.0;0.6;55.2;55.0;55.0;55.6;55.4;55.4;55.6;55.4;55.4;30.08;30.07;0.0;0.0;0.0
IBLUMENA15;America/Sao_Paulo;2020-07-11T05:09:56Z;2020-07-11 02:09:56;1594444196;-26.80653;-49.092304;0.0;0.0;129;99.0;99.0;99.0;-1;55.4;55.4;0.9;0.0;0.3;1.1;0.0;0.6;55.0;55.0;55.0;55.4;55.4;55.4;55.4;55.4;55.4;30.08;30.07;0.0;0.0;0.0
IBLUMENA15;America/Sao_Paulo;2020-07-11T05:14:44Z;2020-07-11 02:14:44;1594444484;-26.80653;-49.092304;0.0;0.0;129;99.0;99.0;99.0;-1;55.4;55.2;0.0;0.0;0.0;0.0;0.0;0.0;55.0;54.9;55.0;55.4;55.2;55.4;55.4;55.2;55.4;30.08;30.07;0.04;0.0;0.0
IBLUMENA15;America/Sao_Paulo;2020-07-11T05:19:48Z;2020-07-11 02:19:48;1594444788;-26.80653;-49.092304;0.0;0.0;129;99.0;99.0;99.0;-1;55.2;55.2;0.0;0.0;0.0;0.0;0.0;0.0;54.9;54.9;54.9;55.2;55.2;55.2;55.2;55.2;55.2;30.08;30.07;0.04;0.0;0.0
IBLUMENA15;America/Sao_Paulo;2020-07-11T05:24:52Z;2020-07-11 02:24:52;1594445092;-26.80653;-49.092304;0.0;0.0;129;99.0;99.0;99.0;-1;55.2;55.2;0.0;0.0;0.0;0.0;0.0;0.0;54.9;54.9;54.9;55.2;55.2;55.2;55.2;55.2;55.2;30.08;30.07;-0.04;0.0;0.0
IBLUMENA15;America/Sao_Paulo;2020-07-11T05:29:56Z;2020-07-11 02:29:56;1594445396;-26.80653;-49.092304;0.0;0.0;130;99.0;99.0;99.0;-1;55.2;55.2;0.0;0.0;0.0;0.0;0.0;0.0;54.9;54.9;54.9;55.2;55.2;55.2;55.2;55.2;55.2;30.08;30.07;0.0;0.0;0.0
IBLUMENA15;America/Sao_Paulo;2020-07-11T05:34:44Z;2020-07-11 02:34:44;1594445684;-26.80653;-49.092304;0.0;0.0;129;99.0;99.0;99.0;-1;55.2;55.0;0.0;0.0;0.0;0.0;0.0;0.0;54.9;54.7;54.7;55.2;55.0;55.0;55.2;55.0;55.0;30.08;30.07;-0.12;0.0;0.0
IBLUMENA15;America/Sao_Paulo;2020-07-11T05:39:48Z;2020-07-11 02:39:48;1594445988;-26.80653;-49.092304;0.0;0.0;129;99.0;99.0;99.0;-1;55.0;55.0;0.0;0.0;0.0;0.0;0.0;0.0;54.7;54.7;54.7;55.0;55.0;55.0;55.0;55.0;55.0;30.07;30.07;0.0;0.0;0.0
IBLUMENA15;America/Sao_Paulo;2020-07-11T05:44:52Z;2020-07-11 02:44:52;1594446292;-26.80653;-49.092304;0.0;0.0;130;99.0;99.0;99.0;-1;55.0;54.9;0.0;0.0;0.0;0.0;0.0;0.0;54.7;54.5;54.6;55.0;54.9;54.9;55.0;54.9;54.9;30.07;30.07;0.04;0.0;0.0
IBLUMENA15;America/Sao_Paulo;2020-07-11T05:49:56Z;2020-07-11 02:49:56;1594446596;-26.80653;-49.092304;0.0;0.0;147;99.0;99.0;99.0;-1;54.9;54.9;1.1;0.0;0.3;1.1;0.0;0.8;54.5;54.5;54.5;54.9;54.9;54.9;54.9;54.9;54.9;30.08;30.07;-0.08;0.0;0.0
IBLUMENA15;America/Sao_Paulo;2020-07-11T05:54:44Z;2020-07-11 02:54:44;1594446884;-26.80653;-49.092304;0.0;0.0;167;99.0;99.0;99.0;-1;54.9;54.9;1.3;0.0;0.6;2.2;0.0;0.9;54.5;54.5;54.5;54.9;54.9;54.9;54.9;54.9;54.9;30.08;30.07;0.04;0.0;0.0
IBLUMENA15;America/Sao_Paulo;2020-07-11T05:59:48Z;2020-07-11 02:59:48;1594447188;-26.80653;-49.092304;0.0;0.0;166;99.0;99.0;99.0;-1;54.9;54.9;0.9;0.0;0.1;1.1;0.0;0.2;54.5;54.5;54.5;54.9;54.9;54.9;54.9;54.9;54.9;30.07;30.07;0.04;0.0;0.0
IBLUMENA15;America/Sao_Paulo;2020-07-11T06:04:52Z;2020-07-11 03:04:52;1594447492;-26.80653;-49.092304;0.0;0.0;165;99.0;99.0;99.0;-1;54.9;54.7;0.4;0.0;0.0;1.1;0.0;0.0;54.5;54.3;54.5;54.9;54.7;54.9;54.9;54.7;54.9;30.07;30.06;-0.04;0.0;0.0
IBLUMENA15;America/Sao_Paulo;2020-07-11T06:09:56Z;2020-07-11 03:09:56;1594447796;-26.80653;-49.092304;0.0;0.0;165;99.0;99.0;99.0;-1;54.7;54.3;0.0;0.0;0.0;0.0;0.0;0.0;54.3;54.0;54.3;54.7;54.3;54.6;54.7;54.3;54.6;30.07;30.06;0.0;0.0;0.0
IBLUMENA15;America/Sao_Paulo;2020-07-11T06:14:44Z;2020-07-11 03:14:44;1594448084;-26.80653;-49.092304;0.0;0.0;164;99.0;99.0;99.0;-1;54.3;54.1;0.0;0.0;0.0;0.0;0.0;0.0;54.0;53.8;53.8;54.3;54.1;54.1;54.3;54.1;54.1;30.07;30.06;-0.08;0.0;0.0
IBLUMENA15;America/Sao_Paulo;2020-07-11T06:19:48Z;2020-07-11 03:19:48;1594448388;-26.80653;-49.092304;0.0;0.0;164;99.0;99.0;99.0;-1;54.1;54.0;0.9;0.0;0.2;1.1;0.0;0.4;53.8;53.6;53.8;54.1;54.0;54.1;54.1;54.0;54.1;30.07;30.06;-0.04;0.0;0.0
IBLUMENA15;America/Sao_Paulo;2020-07-11T06:24:52Z;2020-07-11 03:24:52;1594448692;-26.80653;-49.092304;0.0;0.0;165;99.0;99.0;99.0;-1;54.1;54.0;1.1;0.0;0.1;1.1;0.0;0.3;53.8;53.6;53.7;54.1;54.0;54.1;54.1;54.0;54.1;30.07;30.05;0.08;0.0;0.0
IBLUMENA15;America/Sao_Paulo;2020-07-11T06:29:56Z;2020-07-11 03:29:56;1594448996;-26.80653;-49.092304;0.0;0.0;166;99.0;99.0;99.0;-1;54.1;54.0;0.9;0.0;0.1;1.1;0.0;0.2;53.8;53.6;53.8;54.1;54.0;54.1;54.1;54.0;54.1;30.07;30.05;-0.19;0.0;0.0
IBLUMENA15;America/Sao_Paulo;2020-07-11T06:34:44Z;2020-07-11 03:34:44;1594449284;-26.80653;-49.092304;0.0;0.0;165;99.0;99.0;99.0;-1;54.1;54.1;0.7;0.0;0.2;1.1;0.0;0.4;53.8;53.8;53.8;54.1;54.1;54.1;54.1;54.1;54.1;30.06;30.05;0.0;0.0;0.0
IBLUMENA15;America/Sao_Paulo;2020-07-11T06:39:48Z;2020-07-11 03:39:48;1594449588;-26.80653;-49.092304;0.0;0.0;173;99.0;99.0;99.0;-1;54.1;54.1;1.6;0.2;0.8;2.2;1.1;1.2;53.8;53.8;53.8;54.1;54.1;54.1;54.1;54.1;54.1;30.06;30.05;0.11;0.0;0.0
IBLUMENA15;America/Sao_Paulo;2020-07-11T06:44:52Z;2020-07-11 03:44:52;1594449892;-26.80653;-49.092304;0.0;0.0;168;99.0;99.0;99.0;-1;54.1;54.0;0.9;0.0;0.2;1.1;0.0;0.3;53.8;53.6;53.8;54.1;54.0;54.1;54.1;54.0;54.1;30.06;30.05;-0.11;0.0;0.0
IBLUMENA15;America/Sao_Paulo;2020-07-11T06:49:56Z;2020-07-11 03:49:56;1594450196;-26.80653;-49.092304;0.0;0.0;164;99.0;99.0;99.0;-1;54.3;54.1;0.4;0.0;0.0;1.1;0.0;0.1;54.0;53.8;53.9;54.3;54.1;54.2;54.3;54.1;54.2;30.06;30.05;0.08;0.0;0.0
IBLUMENA15;America/Sao_Paulo;2020-07-11T06:54:44Z;2020-07-11 03:54:44;1594450484;-26.80653;-49.092304;0.0;0.0;157;99.0;99.0;99.0;-1;54.1;53.8;0.2;0.0;0.0;1.1;0.0;0.1;53.8;53.4;53.6;54.1;53.8;54.0;54.1;53.8;54.0;30.06;30.05;0.04;0.0;0.0
IBLUMENA15;America/Sao_Paulo;2020-07-11T06:59:48Z;2020-07-11 03:59:48;1594450788;-26.80653;-49.092304;0.0;0.0;146;99.0;99.0;99.0;-1;53.6;53.4;1.1;0.0;0.2;1.1;0.0;0.4;53.2;53.1;53.1;53.6;53.4;53.5;53.6;53.4;53.5;30.06;30.05;-0.08;0.0;0.0
IBLUMENA15;America/Sao_Paulo;2020-07-11T07:04:52Z;2020-07-11 04:04:52;1594451092;-26.80653;-49.092304;0.0;0.0;142;99.0;99.0;99.0;-1;53.6;53.4;0.9;0.0;0.2;1.1;0.0;0.5;53.2;53.1;53.2;53.6;53.4;53.5;53.6;53.4;53.5;30.05;30.05;-0.06;0.0;0.0
IBLUMENA15;America/Sao_Paulo;2020-07-11T07:09:56Z;2020-07-11 04:09:56;1594451396;-26.80653;-49.092304;0.0;0.0;142;99.0;99.0;99.0;-1;53.6;53.4;2.2;0.0;0.3;2.2;0.0;0.6;53.2;53.1;53.1;53.6;53.4;53.4;53.6;53.4;53.4;30.06;30.05;0.03;0.0;0.0
IBLUMENA15;America/Sao_Paulo;2020-07-11T07:14:44Z;2020-07-11 04:14:44;1594451684;-26.80653;-49.092304;0.0;0.0;143;99.0;99.0;99.0;-1;53.6;53.6;1.8;0.0;0.4;2.2;0.0;0.6;53.2;53.2;53.2;53.6;53.6;53.6;53.6;53.6;53.6;30.05;30.05;-0.07;0.0;0.0
IBLUMENA15;America/Sao_Paulo;2020-07-11T07:19:48Z;2020-07-11 04:19:48;1594451988;-26.80653;-49.092304;0.0;0.0;143;99.0;99.0;99.0;-1;54.0;53.6;1.1;0.0;0.3;2.2;0.0;0.5;53.6;53.2;53.3;54.0;53.6;53.7;54.0;53.6;53.7;30.05;30.05;0.04;0.0;0.0
IBLUMENA15;America/Sao_Paulo;2020-07-11T07:24:52Z;2020-07-11 04:24:52;1594452292;-26.80653;-49.092304;0.0;0.0;147;99.0;99.0;99.0;-1;54.0;54.0;1.3;0.0;0.2;2.2;0.0;0.4;53.6;53.6;53.6;54.0;54.0;54.0;54.0;54.0;54.0;30.05;30.05;-0.04;0.0;0.0
IBLUMENA15;America/Sao_Paulo;2020-07-11T07:29:56Z;2020-07-11 04:29:56;1594452596;-26.80653;-49.092304;0.0;0.0;149;99.0;99.0;99.0;-1;54.1;54.0;0.9;0.0;0.1;1.1;0.0;0.2;53.8;53.6;53.8;54.1;54.0;54.1;54.1;54.0;54.1;30.05;30.05;0.04;0.0;0.0
IBLUMENA15;America/Sao_Paulo;2020-07-11T07:34:44Z;2020-07-11 04:34:44;1594452884;-26.80653;-49.092304;0.0;0.0;161;99.0;99.0;99.0;-1;54.1;54.1;2.2;0.0;1.2;3.4;0.0;1.6;53.8;53.8;53.8;54.1;54.1;54.1;54.1;54.1;54.1;30.05;30.05;0.0;0.0;0.0
IBLUMENA15;America/Sao_Paulo;2020-07-11T07:39:48Z;2020-07-11 04:39:48;1594453188;-26.80653;-49.092304;0.0;0.0;169;99.0;99.0;99.0;-1;54.3;54.1;2.2;0.0;1.2;3.4;0.0;1.8;54.0;53.8;53.9;54.3;54.1;54.2;54.3;54.1;54.2;30.05;30.04;-0.08;0.0;0.0
IBLUMENA15;America/Sao_Paulo;2020-07-11T07:44:52Z;2020-07-11 04:44:52;1594453492;-26.80653;-49.092304;0.0;0.0;168;99.0;99.0;99.0;-1;54.3;54.3;2.2;0.2;1.3;3.4;1.1;1.9;54.0;54.0;54.0;54.3;54.3;54.3;54.3;54.3;54.3;30.05;30.04;0.04;0.0;0.0
IBLUMENA15;America/Sao_Paulo;2020-07-11T07:49:56Z;2020-07-11 04:49:56;1594453796;-26.80653;-49.092304;0.0;0.0;166;99.0;99.0;99.0;-1;54.5;54.3;0.9;0.0;0.2;1.1;0.0;0.6;54.1;54.0;54.0;54.5;54.3;54.4;54.5;54.3;54.4;30.05;30.04;0.0;0.0;0.0
IBLUMENA15;America/Sao_Paulo;2020-07-11T07:54:44Z;2020-07-11 04:54:44;1594454084;-26.80653;-49.092304;0.0;0.0;165;99.0;99.0;99.0;-1;54.5;54.5;0.7;0.0;0.1;1.1;0.0;0.2;54.1;54.1;54.1;54.5;54.5;54.5;54.5;54.5;54.5;30.05;30.04;0.0;0.0;0.0
IBLUMENA15;America/Sao_Paulo;2020-07-11T07:59:48Z;2020-07-11 04:59:48;1594454388;-26.80653;-49.092304;0.0;0.0;142;99.0;99.0;99.0;-1;54.5;54.3;2.2;0.0;0.8;3.4;0.0;1.1;54.1;54.0;54.1;54.5;54.3;54.5;54.5;54.3;54.5;30.05;30.04;-0.04;0.0;0.0
IBLUMENA15;America/Sao_Paulo;2020-07-11T08:04:52Z;2020-07-11 05:04:52;1594454692;-26.80653;-49.092304;0.0;0.0;138;99.0;99.0;99.0;-1;54.3;54.1;2.5;0.0;0.6;3.4;0.0;0.9;54.0;53.8;53.9;54.3;54.1;54.2;54.3;54.1;54.2;30.05;30.04;0.08;0.0;0.0
IBLUMENA15;America/Sao_Paulo;2020-07-11T08:09:56Z;2020-07-11 05:09:56;1594454996;-26.80653;-49.092304;0.0;0.0;140;99.0;99.0;99.0;-1;54.1;54.1;0.9;0.0;0.2;1.1;0.0;0.6;53.8;53.8;53.8;54.1;54.1;54.1;54.1;54.1;54.1;30.05;30.04;0.03;0.0;0.0
IBLUMENA15;America/Sao_Paulo;2020-07-11T08:14:44Z;2020-07-11 05:14:44;1594455284;-26.80653;-49.092304;0.0;0.0;138;99.0;99.0;99.0;-1;54.3;54.1;2.2;0.0;0.9;2.2;0.0;1.4;54.0;53.8;53.9;54.3;54.1;54.2;54.3;54.1;54.2;30.05;30.05;-0.03;0.0;0.0
IBLUMENA15;America/Sao_Paulo;2020-07-11T08:19:48Z;2020-07-11 05:19:48;1594455588;-26.80653;-49.092304;0.0;0.0;139;99.0;99.0;99.0;-1;54.5;54.3;0.2;0.0;0.0;1.1;0.0;0.1;54.1;54.0;54.1;54.5;54.3;54.5;54.5;54.3;54.5;30.05;30.05;-0.04;0.0;0.0
IBLUMENA15;America/Sao_Paulo;2020-07-11T08:24:52Z;2020-07-11 05:24:52;1594455892;-26.80653;-49.092304;0.0;0.0;139;99.0;99.0;99.0;-1;54.5;54.5;0.9;0.0;0.0;1.1;0.0;0.1;54.1;54.1;54.1;54.5;54.5;54.5;54.5;54.5;54.5;30.05;30.04;-0.04;0.0;0.0
IBLUMENA15;America/Sao_Paulo;2020-07-11T08:29:56Z;2020-07-11 05:29:56;1594456196;-26.80653;-49.092304;0.0;0.0;136;99.0;99.0;99.0;-1;54.7;54.5;3.4;0.0;1.1;4.5;0.0;1.7;54.3;54.1;54.2;54.7;54.5;54.6;54.7;54.5;54.6;30.04;30.04;-0.04;0.0;0.0
IBLUMENA15;America/Sao_Paulo;2020-07-11T08:34:44Z;2020-07-11 05:34:44;1594456484;-26.80653;-49.092304;0.0;0.0;128;99.0;99.0;99.0;-1;54.5;54.5;3.4;0.0;1.2;4.5;0.0;1.6;54.1;54.1;54.1;54.5;54.5;54.5;54.5;54.5;54.5;30.04;30.04;0.0;0.0;0.0
IBLUMENA15;America/Sao_Paulo;2020-07-11T08:39:48Z;2020-07-11 05:39:48;1594456788;-26.80653;-49.092304;0.0;0.0;126;99.0;99.0;99.0;-1;54.5;54.3;2.9;0.4;1.7;4.5;1.1;2.5;54.1;54.0;54.1;54.5;54.3;54.4;54.5;54.3;54.4;30.04;30.03;0.0;0.0;0.0
IBLUMENA15;America/Sao_Paulo;2020-07-11T08:44:52Z;2020-07-11 05:44:52;1594457092;-26.80653;-49.092304;0.0;0.0;129;99.0;99.0;99.0;-1;54.3;54.3;2.0;0.0;0.5;3.4;0.0;0.8;54.0;54.0;54.0;54.3;54.3;54.3;54.3;54.3;54.3;30.04;30.03;-0.04;0.0;0.0
IBLUMENA15;America/Sao_Paulo;2020-07-11T08:49:56Z;2020-07-11 05:49:56;1594457396;-26.80653;-49.092304;0.0;0.0;133;99.0;99.0;99.0;-1;54.3;54.3;1.6;0.0;0.7;2.2;0.0;1.2;54.0;54.0;54.0;54.3;54.3;54.3;54.3;54.3;54.3;30.05;30.04;0.11;0.0;0.0
IBLUMENA15;America/Sao_Paulo;2020-07-11T08:54:44Z;2020-07-11 05:54:44;1594457684;-26.80653;-49.092304;0.0;0.0;129;99.0;99.0;99.0;-1;54.5;54.3;2.9;0.7;1.5;3.4;1.1;2.2;54.1;54.0;54.1;54.5;54.3;54.5;54.5;54.3;54.5;30.05;30.04;-0.12;0.0;0.0
IBLUMENA15;America/Sao_Paulo;2020-07-11T08:59:48Z;2020-07-11 05:59:48;1594457988;-26.80653;-49.092304;0.0;0.0;135;99.0;99.0;99.0;-1;54.5;54.5;0.4;0.0;0.1;1.1;0.0;0.4;54.1;54.1;54.1;54.5;54.5;54.5;54.5;54.5;54.5;30.04;30.04;0.0;0.0;0.0
IBLUMENA15;America/Sao_Paulo;2020-07-11T09:04:52Z;2020-07-11 06:04:52;1594458292;-26.80653;-49.092304;0.0;0.0;133;99.0;99.0;99.0;-1;54.5;54.5;1.3;0.0;0.5;2.2;0.0;1.0;54.1;54.1;54.1;54.5;54.5;54.5;54.5;54.5;54.5;30.04;30.03;-0.04;0.0;0.0
IBLUMENA15;America/Sao_Paulo;2020-07-11T09:09:56Z;2020-07-11 06:09:56;1594458596;-26.80653;-49.092304;0.0;0.0;133;99.0;99.0;99.0;-1;54.5;54.5;1.3;0.4;0.8;2.2;1.1;1.3;54.1;54.1;54.1;54.5;54.5;54.5;54.5;54.5;54.5;30.04;30.03;-0.04;0.0;0.0
IBLUMENA15;America/Sao_Paulo;2020-07-11T09:14:44Z;2020-07-11 06:14:44;1594458884;-26.80653;-49.092304;0.0;0.0;134;99.0;99.0;99.0;-1;54.5;54.5;0.9;0.0;0.4;1.1;0.0;0.7;54.1;54.1;54.1;54.5;54.5;54.5;54.5;54.5;54.5;30.04;30.03;0.08;0.0;0.0
IBLUMENA15;America/Sao_Paulo;2020-07-11T09:19:48Z;2020-07-11 06:19:48;1594459188;-26.80653;-49.092304;0.0;0.0;134;99.0;99.0;99.0;-1;54.5;54.5;0.9;0.0;0.2;2.2;0.0;0.6;54.1;54.1;54.1;54.5;54.5;54.5;54.5;54.5;54.5;30.04;30.03;-0.04;0.0;0.0
IBLUMENA15;America/Sao_Paulo;2020-07-11T09:24:52Z;2020-07-11 06:24:52;1594459492;-26.80653;-49.092304;0.0;0.0;135;99.0;99.0;99.0;-1;54.5;54.5;0.9;0.0;0.3;1.1;0.0;0.5;54.1;54.1;54.1;54.5;54.5;54.5;54.5;54.5;54.5;30.03;30.03;0.0;0.0;0.0
IBLUMENA15;America/Sao_Paulo;2020-07-11T09:29:56Z;2020-07-11 06:29:56;1594459796;-26.80653;-49.092304;0.0;0.0;135;99.0;99.0;99.0;-1;54.5;54.5;1.1;0.0;0.2;2.2;0.0;0.5;54.1;54.1;54.1;54.5;54.5;54.5;54.5;54.5;54.5;30.03;30.03;-0.04;0.0;0.0
IBLUMENA15;America/Sao_Paulo;2020-07-11T09:34:44Z;2020-07-11 06:34:44;1594460084;-26.80653;-49.092304;0.0;0.0;152;99.0;99.0;99.0;-1;54.7;54.5;1.6;0.0;0.3;2.2;0.0;0.5;54.3;54.1;54.3;54.7;54.5;54.7;54.7;54.5;54.7;30.04;30.03;0.04;0.0;0.0
IBLUMENA15;America/Sao_Paulo;2020-07-11T09:39:48Z;2020-07-11 06:39:48;1594460388;-26.80653;-49.092304;0.0;0.0;153;99.0;99.0;99.0;-1;54.7;54.7;0.0;0.0;0.0;0.0;0.0;0.0;54.3;54.3;54.3;54.7;54.7;54.7;54.7;54.7;54.7;30.04;30.03;0.08;0.0;0.0
IBLUMENA15;America/Sao_Paulo;2020-07-11T09:44:52Z;2020-07-11 06:44:52;1594460692;-26.80653;-49.092304;0.0;0.0;153;99.0;99.0;99.0;-1;54.7;54.7;0.0;0.0;0.0;0.0;0.0;0.0;54.3;54.3;54.3;54.7;54.7;54.7;54.7;54.7;54.7;30.04;30.03;-0.08;0.0;0.0
IBLUMENA15;America/Sao_Paulo;2020-07-11T09:49:56Z;2020-07-11 06:49:56;1594460996;-26.80653;-49.092304;0.0;0.0;153;99.0;99.0;99.0;-1;54.7;54.7;0.0;0.0;0.0;0.0;0.0;0.0;54.3;54.3;54.3;54.7;54.7;54.7;54.7;54.7;54.7;30.04;30.03;-0.04;0.0;0.0
IBLUMENA15;America/Sao_Paulo;2020-07-11T09:54:44Z;2020-07-11 06:54:44;1594461284;-26.80653;-49.092304;0.0;0.0;153;99.0;99.0;99.0;-1;54.7;54.7;0.2;0.0;0.0;1.1;0.0;0.0;54.3;54.3;54.3;54.7;54.7;54.7;54.7;54.7;54.7;30.04;30.03;0.04;0.0;0.0
IBLUMENA15;America/Sao_Paulo;2020-07-11T09:59:48Z;2020-07-11 06:59:48;1594461588;-26.80653;-49.092304;0.0;0.0;152;99.0;99.0;99.0;-1;54.7;54.7;1.3;0.0;0.3;2.2;0.0;0.6;54.3;54.3;54.3;54.7;54.7;54.7;54.7;54.7;54.7;30.03;30.02;-0.11;0.0;0.0
IBLUMENA15;America/Sao_Paulo;2020-07-11T10:04:52Z;2020-07-11 07:04:52;1594461892;-26.80653;-49.092304;0.4;0.0;144;99.0;99.0;99.0;-1;54.7;54.7;1.1;0.0;0.5;1.1;0.0;0.9;54.3;54.3;54.3;54.7;54.7;54.7;54.7;54.7;54.7;30.03;30.02;-0.04;0.0;0.0
IBLUMENA15;America/Sao_Paulo;2020-07-11T10:09:56Z;2020-07-11 07:09:56;1594462196;-26.80653;-49.092304;2.1;0.0;143;99.0;99.0;99.0;-1;54.7;54.5;0.4;0.0;0.1;1.1;0.0;0.2;54.3;54.1;54.3;54.7;54.5;54.7;54.7;54.5;54.7;30.03;30.02;0.11;0.0;0.0
IBLUMENA15;America/Sao_Paulo;2020-07-11T10:14:44Z;2020-07-11 07:14:44;1594462484;-26.80653;-49.092304;3.4;0.0;141;99.0;99.0;99.0;-1;54.7;54.5;0.9;0.0;0.3;1.1;0.0;0.5;54.3;54.1;54.1;54.7;54.5;54.5;54.7;54.5;54.5;30.03;30.02;-0.08;0.0;0.0
IBLUMENA15;America/Sao_Paulo;2020-07-11T10:19:48Z;2020-07-11 07:19:48;1594462788;-26.80653;-49.092304;6.0;0.0;141;99.0;99.0;99.0;-1;54.7;54.7;0.7;0.0;0.1;1.1;0.0;0.3;54.3;54.3;54.3;54.7;54.7;54.7;54.7;54.7;54.7;30.02;30.02;-0.08;0.0;0.0
IBLUMENA15;America/Sao_Paulo;2020-07-11T10:24:52Z;2020-07-11 07:24:52;1594463092;-26.80653;-49.092304;8.2;0.0;140;99.0;99.0;99.0;-1;54.7;54.7;0.9;0.0;0.1;1.1;0.0;0.2;54.3;54.3;54.3;54.7;54.7;54.7;54.7;54.7;54.7;30.02;30.02;0.04;0.0;0.0
IBLUMENA15;America/Sao_Paulo;2020-07-11T10:29:56Z;2020-07-11 07:29:56;1594463396;-26.80653;-49.092304;11.3;0.0;138;99.0;99.0;99.0;-1;54.7;54.7;1.1;0.0;0.4;1.1;0.0;0.6;54.3;54.3;54.3;54.7;54.7;54.7;54.7;54.7;54.7;30.03;30.02;0.08;0.0;0.0
IBLUMENA15;America/Sao_Paulo;2020-07-11T10:34:44Z;2020-07-11 07:34:44;1594463684;-26.80653;-49.092304;13.8;0.0;149;99.0;99.0;99.0;-1;54.9;54.7;0.2;0.0;0.0;1.1;0.0;0.1;54.5;54.3;54.4;54.9;54.7;54.8;54.9;54.7;54.8;30.03;30.02;0.0;0.0;0.0
IBLUMENA15;America/Sao_Paulo;2020-07-11T10:39:48Z;2020-07-11 07:39:48;1594463988;-26.80653;-49.092304;17.3;0.0;172;99.0;99.0;99.0;-1;54.9;54.9;1.8;0.0;0.7;2.2;0.0;1.0;54.5;54.5;54.5;54.9;54.9;54.9;54.9;54.9;54.9;30.03;30.02;0.0;0.0;0.0
IBLUMENA15;America/Sao_Paulo;2020-07-11T10:44:52Z;2020-07-11 07:44:52;1594464292;-26.80653;-49.092304;19.5;0.0;150;99.0;99.0;99.0;-1;55.0;54.9;0.9;0.0;0.2;1.1;0.0;0.5;54.7;54.5;54.6;55.0;54.9;55.0;55.0;54.9;55.0;30.03;30.02;-0.11;0.0;0.0
IBLUMENA15;America/Sao_Paulo;2020-07-11T10:49:56Z;2020-07-11 07:49:56;1594464596;-26.80653;-49.092304;22.0;0.0;150;99.0;99.0;99.0;-1;55.2;55.0;0.0;0.0;0.0;0.0;0.0;0.0;54.9;54.7;54.8;55.2;55.0;55.1;55.2;55.0;55.1;30.02;30.02;0.04;0.0;0.0
IBLUMENA15;America/Sao_Paulo;2020-07-11T10:54:44Z;2020-07-11 07:54:44;1594464884;-26.80653;-49.092304;32.9;0.0;162;99.0;99.0;99.0;-1;55.2;55.2;0.9;0.0;0.2;1.1;0.0;0.3;54.9;54.9;54.9;55.2;55.2;55.2;55.2;55.2;55.2;30.03;30.02;0.08;0.0;0.0
IBLUMENA15;America/Sao_Paulo;2020-07-11T10:59:48Z;2020-07-11 07:59:48;1594465188;-26.80653;-49.092304;36.0;0.0;171;99.0;99.0;99.0;-1;55.4;55.2;1.8;0.0;0.9;2.2;0.0;1.3;55.0;54.9;54.9;55.4;55.2;55.3;55.4;55.2;55.3;30.03;30.02;-0.04;0.0;0.0
IBLUMENA15;America/Sao_Paulo;2020-07-11T11:04:52Z;2020-07-11 08:04:52;1594465492;-26.80653;-49.092304;40.2;0.0;158;99.0;99.0;99.0;-1;55.8;55.4;0.2;0.0;0.0;1.1;0.0;0.0;55.4;55.0;55.2;55.8;55.4;55.6;55.8;55.4;55.6;30.02;30.02;-0.04;0.0;0.0
IBLUMENA15;America/Sao_Paulo;2020-07-11T11:09:56Z;2020-07-11 08:09:56;1594465796;-26.80653;-49.092304;42.9;0.0;157;99.0;99.0;99.0;-1;55.8;55.8;0.7;0.0;0.1;1.1;0.0;0.4;55.4;55.4;55.4;55.8;55.8;55.8;55.8;55.8;55.8;30.02;30.02;0.0;0.0;0.0
IBLUMENA15;America/Sao_Paulo;2020-07-11T11:14:44Z;2020-07-11 08:14:44;1594466084;-26.80653;-49.092304;47.7;0.0;152;99.0;99.0;99.0;-1;55.8;55.8;1.1;0.0;0.5;1.1;0.0;0.7;55.4;55.4;55.4;55.8;55.8;55.8;55.8;55.8;55.8;30.02;30.02;0.0;0.0;0.0
IBLUMENA15;America/Sao_Paulo;2020-07-11T11:19:48Z;2020-07-11 08:19:48;1594466388;-26.80653;-49.092304;51.1;0.0;139;99.0;99.0;99.0;-1;56.1;55.8;1.1;0.0;0.4;1.1;0.0;0.8;55.8;55.4;55.7;56.1;55.8;56.0;56.1;55.8;56.0;30.02;30.01;-0.11;0.0;0.0
IBLUMENA15;America/Sao_Paulo;2020-07-11T11:24:52Z;2020-07-11 08:24:52;1594466692;-26.80653;-49.092304;55.4;0.0;127;99.0;99.0;99.0;-1;56.1;56.1;3.8;0.0;1.1;4.5;0.0;1.7;55.8;55.8;55.8;56.1;56.1;56.1;56.1;56.1;56.1;30.02;30.01;-0.08;0.0;0.0
IBLUMENA15;America/Sao_Paulo;2020-07-11T11:29:56Z;2020-07-11 08:29:56;1594466996;-26.80653;-49.092304;52.8;0.0;132;99.0;98.0;99.0;-1;56.3;56.1;1.1;0.0;0.3;1.1;0.0;0.5;55.9;55.8;55.8;56.3;56.1;56.2;56.3;56.1;56.2;30.01;30.0;-0.04;0.0;0.0
IBLUMENA15;America/Sao_Paulo;2020-07-11T11:34:44Z;2020-07-11 08:34:44;1594467284;-26.80653;-49.092304;65.9;0.0;158;99.0;98.0;98.0;-1;56.3;56.3;1.3;0.0;0.6;2.2;0.0;0.9;55.9;55.8;55.8;56.3;56.3;56.3;56.3;56.3;56.3;30.02;30.0;0.12;0.0;0.0
IBLUMENA15;America/Sao_Paulo;2020-07-11T11:39:48Z;2020-07-11 08:39:48;1594467588;-26.80653;-49.092304;135.3;1.0;185;99.0;98.0;98.1;-1;57.2;56.3;2.2;0.9;1.7;2.2;1.1;2.1;56.7;55.9;56.2;57.2;56.3;56.8;57.2;56.3;56.8;30.02;30.01;0.04;0.0;0.0
IBLUMENA15;America/Sao_Paulo;2020-07-11T11:44:52Z;2020-07-11 08:44:52;1594467892;-26.80653;-49.092304;125.3;1.0;193;98.0;96.0;96.7;-1;57.7;57.2;3.4;0.7;2.0;3.4;1.1;2.5;57.0;56.5;56.7;57.7;57.2;57.6;57.7;57.2;57.6;30.02;30.02;0.04;0.0;0.0
IBLUMENA15;America/Sao_Paulo;2020-07-11T11:49:56Z;2020-07-11 08:49:56;1594468196;-26.80653;-49.092304;115.4;1.0;151;96.0;95.0;95.8;-1;58.6;57.7;1.1;0.0;0.4;2.2;0.0;0.8;57.2;56.7;57.0;58.6;57.7;58.1;58.6;57.7;58.1;30.02;30.01;-0.08;0.0;0.0
IBLUMENA15;America/Sao_Paulo;2020-07-11T11:54:44Z;2020-07-11 08:54:44;1594468484;-26.80653;-49.092304;96.7;0.0;131;95.0;94.0;94.2;-1;59.4;58.6;1.3;0.0;0.7;2.2;0.0;1.1;57.6;57.2;57.5;59.4;58.6;59.2;59.4;58.6;59.2;30.02;30.0;-0.12;0.0;0.0
IBLUMENA15;America/Sao_Paulo;2020-07-11T11:59:48Z;2020-07-11 08:59:48;1594468788;-26.80653;-49.092304;100.6;1.0;115;96.0;94.0;94.9;-1;59.2;58.3;2.5;0.0;1.4;3.4;0.0;1.7;57.4;57.0;57.2;59.2;58.3;58.7;59.2;58.3;58.7;30.01;29.99;-0.04;0.0;0.0
IBLUMENA15;America/Sao_Paulo;2020-07-11T12:04:52Z;2020-07-11 09:04:52;1594469092;-26.80653;-49.092304;184.7;1.0;142;96.0;95.0;95.8;-1;59.0;58.1;1.1;0.0;0.4;2.2;0.0;0.6;57.6;57.0;57.2;59.0;58.1;58.3;59.0;58.1;58.3;30.01;30.0;0.15;0.0;0.0
IBLUMENA15;America/Sao_Paulo;2020-07-11T12:09:56Z;2020-07-11 09:09:56;1594469396;-26.80653;-49.092304;209.1;2.0;170;95.0;93.0;94.3;-1;59.5;59.0;2.2;0.4;1.3;2.2;1.1;1.7;57.7;57.2;57.5;59.5;59.0;59.2;59.5;59.0;59.2;30.02;30.01;-0.04;0.0;0.0
IBLUMENA15;America/Sao_Paulo;2020-07-11T12:14:44Z;2020-07-11 09:14:44;1594469684;-26.80653;-49.092304;147.1;1.0;154;94.0;93.0;93.8;-1;59.7;59.4;2.7;0.7;1.3;3.4;1.1;1.7;57.9;57.6;57.7;59.7;59.4;59.6;59.7;59.4;59.6;30.01;30.01;-0.04;0.0;0.0
IBLUMENA15;America/Sao_Paulo;2020-07-11T12:19:48Z;2020-07-11 09:19:48;1594469988;-26.80653;-49.092304;140.9;1.0;184;94.0;94.0;94.0;-1;59.5;59.4;3.6;0.0;1.4;4.5;0.0;1.8;57.7;57.6;57.6;59.5;59.4;59.4;59.5;59.4;59.4;30.02;30.0;0.11;0.0;0.0
IBLUMENA15;America/Sao_Paulo;2020-07-11T12:24:52Z;2020-07-11 09:24:52;1594470292;-26.80653;-49.092304;202.1;1.0;179;94.0;93.0;93.3;-1;60.3;59.5;2.2;0.9;1.5;3.4;1.1;1.8;58.1;57.4;57.8;60.3;59.5;59.8;60.3;59.5;59.8;30.02;30.01;-0.04;0.0;0.0
IBLUMENA15;America/Sao_Paulo;2020-07-11T12:29:56Z;2020-07-11 09:29:56;1594470596;-26.80653;-49.092304;146.2;1.0;162;93.0;92.0;92.6;-1;60.6;60.3;3.8;0.9;2.0;4.5;1.1;2.6;58.5;58.1;58.3;60.6;60.3;60.5;60.6;60.3;60.5;30.02;30.01;-0.04;0.0;0.0
IBLUMENA15;America/Sao_Paulo;2020-07-11T12:34:44Z;2020-07-11 09:34:44;1594470884;-26.80653;-49.092304;132.2;1.0;172;93.0;92.0;92.3;-1;60.6;60.4;2.7;0.7;1.6;3.4;1.1;2.0;58.3;58.1;58.2;60.6;60.4;60.5;60.6;60.4;60.5;30.02;30.01;0.0;0.0;0.0
IBLUMENA15;America/Sao_Paulo;2020-07-11T12:39:48Z;2020-07-11 09:39:48;1594471188;-26.80653;-49.092304;130.9;1.0;164;92.0;92.0;92.0;-1;60.6;60.4;3.8;0.2;1.7;4.5;1.1;2.2;58.3;58.1;58.3;60.6;60.4;60.6;60.6;60.4;60.6;30.02;30.01;0.19;0.0;0.0
IBLUMENA15;America/Sao_Paulo;2020-07-11T12:44:52Z;2020-07-11 09:44:52;1594471492;-26.80653;-49.092304;144.0;1.0;153;93.0;91.0;92.0;-1;61.0;60.8;4.3;0.7;2.2;5.8;1.1;3.2;58.6;58.5;58.5;61.0;60.8;60.9;61.0;60.8;60.9;30.02;30.01;-0.15;0.0;0.0
IBLUMENA15;America/Sao_Paulo;2020-07-11T12:49:56Z;2020-07-11 09:49:56;1594471796;-26.80653;-49.092304;187.8;1.0;152;92.0;91.0;91.8;-1;61.3;61.0;3.8;0.2;1.8;4.5;1.1;2.3;58.8;58.6;58.6;61.3;61.0;61.1;61.3;61.0;61.1;30.02;30.01;0.04;0.0;0.0
IBLUMENA15;America/Sao_Paulo;2020-07-11T12:54:44Z;2020-07-11 09:54:44;1594472084;-26.80653;-49.092304;185.6;1.0;155;91.0;90.0;90.6;-1;62.1;61.5;5.6;0.4;2.8;5.8;1.1;3.5;59.4;58.8;59.1;62.1;61.5;61.9;62.1;61.5;61.9;30.02;30.0;-0.12;0.0;0.0
IBLUMENA15;America/Sao_Paulo;2020-07-11T12:59:48Z;2020-07-11 09:59:48;1594472388;-26.80653;-49.092304;159.5;1.0;159;91.0;90.0;90.9;-1;61.7;61.3;2.9;0.0;1.4;3.4;0.0;1.7;59.2;58.8;58.9;61.7;61.3;61.4;61.7;61.3;61.4;30.02;30.01;0.19;0.0;0.0
IBLUMENA15;America/Sao_Paulo;2020-07-11T13:04:52Z;2020-07-11 10:04:52;1594472692;-26.80653;-49.092304;124.9;1.0;150;91.0;90.0;90.3;-1;61.7;61.7;3.4;0.0;1.9;3.4;0.0;2.4;59.2;58.8;58.9;61.7;61.7;61.7;61.7;61.7;61.7;30.03;30.02;-0.08;0.0;0.0
IBLUMENA15;America/Sao_Paulo;2020-07-11T13:09:56Z;2020-07-11 10:09:56;1594472996;-26.80653;-49.092304;148.3;1.0;140;90.0;90.0;90.0;-1;61.9;61.7;3.1;0.2;1.8;4.5;1.1;2.2;58.8;58.8;58.8;61.9;61.7;61.7;61.9;61.7;61.7;30.02;30.01;-0.04;0.0;0.0
IBLUMENA15;America/Sao_Paulo;2020-07-11T13:14:44Z;2020-07-11 10:14:44;1594473284;-26.80653;-49.092304;184.7;1.0;154;90.0;88.0;88.8;-1;62.4;61.9;2.0;0.0;1.1;2.2;0.0;1.4;59.0;58.6;58.8;62.4;61.9;62.2;62.4;61.9;62.2;30.02;30.01;0.12;0.0;0.0
IBLUMENA15;America/Sao_Paulo;2020-07-11T13:19:48Z;2020-07-11 10:19:48;1594473588;-26.80653;-49.092304;185.2;1.0;154;88.0;87.0;87.8;-1;62.8;62.4;2.2;0.0;0.8;2.2;0.0;1.2;59.2;58.8;59.0;62.8;62.4;62.6;62.8;62.4;62.6;30.03;30.02;0.04;0.0;0.0
IBLUMENA15;America/Sao_Paulo;2020-07-11T13:24:52Z;2020-07-11 10:24:52;1594473892;-26.80653;-49.092304;163.1;1.0;141;88.0;87.0;87.3;-1;63.0;62.6;1.1;0.0;0.5;2.2;0.0;0.9;59.2;58.8;59.0;63.0;62.6;62.8;63.0;62.6;62.8;30.03;30.02;0.0;0.0;0.0
IBLUMENA15;America/Sao_Paulo;2020-07-11T13:29:56Z;2020-07-11 10:29:56;1594474196;-26.80653;-49.092304;167.0;1.0;122;89.0;87.0;88.0;-1;63.0;62.8;2.0;0.0;1.0;2.2;0.0;1.4;59.4;58.8;59.2;63.0;62.8;62.8;63.0;62.8;62.8;30.02;30.01;-0.15;0.0;0.0
IBLUMENA15;America/Sao_Paulo;2020-07-11T13:34:44Z;2020-07-11 10:34:44;1594474484;-26.80653;-49.092304;190.8;1.0;122;88.0;87.0;87.3;-1;63.1;63.0;2.2;0.0;0.8;2.2;0.0;1.2;59.5;59.0;59.2;63.1;63.0;63.1;63.1;63.0;63.1;30.02;30.01;-0.04;0.0;0.0
IBLUMENA15;America/Sao_Paulo;2020-07-11T13:39:48Z;2020-07-11 10:39:48;1594474788;-26.80653;-49.092304;222.0;2.0;125;88.0;86.0;87.3;-1;63.3;63.1;1.8;0.0;0.7;2.2;0.0;1.0;59.5;59.0;59.3;63.3;63.1;63.2;63.3;63.1;63.2;30.02;30.01;0.04;0.0;0.0
IBLUMENA15;America/Sao_Paulo;2020-07-11T13:44:52Z;2020-07-11 10:44:52;1594475092;-26.80653;-49.092304;222.5;2.0;138;87.0;86.0;86.1;-1;63.9;63.5;2.2;0.2;1.1;2.2;1.1;1.6;59.9;59.2;59.5;63.9;63.5;63.8;63.9;63.5;63.8;30.01;30.01;-0.04;0.0;0.0
IBLUMENA15;America/Sao_Paulo;2020-07-11T13:49:56Z;2020-07-11 10:49:56;1594475396;-26.80653;-49.092304;221.7;2.0;147;86.0;85.0;85.5;-1;64.0;63.9;2.2;0.0;0.9;2.2;0.0;1.2;59.7;59.4;59.5;64.0;63.9;64.0;64.0;63.9;64.0;30.02;30.01;0.19;0.0;0.0
IBLUMENA15;America/Sao_Paulo;2020-07-11T13:54:44Z;2020-07-11 10:54:44;1594475684;-26.80653;-49.092304;182.1;1.0;128;86.0;84.0;85.0;-1;64.6;64.0;2.2;0.0;1.2;3.4;0.0;1.7;60.1;59.4;59.8;64.6;64.0;64.4;64.6;64.0;64.4;30.02;30.02;-0.12;0.0;0.0
IBLUMENA15;America/Sao_Paulo;2020-07-11T13:59:48Z;2020-07-11 10:59:48;1594475988;-26.80653;-49.092304;147.1;1.0;145;85.0;84.0;84.4;-1;64.8;64.6;2.2;0.4;1.3;3.4;1.1;1.9;60.1;59.7;59.9;64.8;64.6;64.7;64.8;64.6;64.7;30.02;30.01;-0.04;0.0;0.0
IBLUMENA15;America/Sao_Paulo;2020-07-11T14:04:52Z;2020-07-11 11:04:52;1594476292;-26.80653;-49.092304;144.9;1.0;177;84.0;83.0;83.8;-1;64.9;64.6;2.2;0.7;1.7;3.4;1.1;2.0;59.9;59.5;59.7;64.9;64.6;64.7;64.9;64.6;64.7;30.01;30.0;-0.08;0.0;0.0
IBLUMENA15;America/Sao_Paulo;2020-07-11T14:09:56Z;2020-07-11 11:09:56;1594476596;-26.80653;-49.092304;147.1;1.0;123;83.0;81.0;82.0;-1;66.4;65.1;1.8;0.0;0.7;2.2;0.0;1.1;61.0;59.7;60.3;66.4;65.1;65.9;66.4;65.1;65.9;30.01;30.0;0.0;0.0;0.0
IBLUMENA15;America/Sao_Paulo;2020-07-11T14:14:44Z;2020-07-11 11:14:44;1594476884;-26.80653;-49.092304;134.4;1.0;122;83.0;81.0;81.9;-1;66.4;66.0;2.5;0.2;1.4;3.4;1.1;2.2;60.8;60.1;60.5;66.4;66.0;66.2;66.4;66.0;66.2;30.01;30.0;-0.12;0.0;0.0
IBLUMENA15;America/Sao_Paulo;2020-07-11T14:19:48Z;2020-07-11 11:19:48;1594477188;-26.80653;-49.092304;236.4;2.0;118;83.0;80.0;81.5;-1;66.4;66.0;3.4;0.7;1.6;3.4;1.1;2.2;61.0;60.1;60.4;66.4;66.0;66.1;66.4;66.0;66.1;30.0;29.99;-0.08;0.0;0.0
IBLUMENA15;America/Sao_Paulo;2020-07-11T14:24:52Z;2020-07-11 11:24:52;1594477492;-26.80653;-49.092304;411.7;4.0;100;82.0;80.0;81.0;-1;66.4;66.2;3.4;1.1;2.1;3.4;1.1;2.5;60.6;59.9;60.3;66.4;66.2;66.3;66.4;66.2;66.3;29.99;29.98;-0.1;0.0;0.0
IBLUMENA15;America/Sao_Paulo;2020-07-11T14:29:56Z;2020-07-11 11:29:56;1594477796;-26.80653;-49.092304;468.1;4.0;106;82.0;78.0;80.3;-1;67.3;66.2;2.9;1.1;1.9;3.4;1.1;2.5;61.0;59.9;60.5;67.3;66.2;66.7;67.3;66.2;66.7;29.99;29.97;-0.11;0.0;0.0
IBLUMENA15;America/Sao_Paulo;2020-07-11T14:34:44Z;2020-07-11 11:34:44;1594478084;-26.80653;-49.092304;434.7;4.0;100;79.0;77.0;77.7;-1;68.0;67.3;3.4;1.1;1.7;4.5;1.1;2.0;61.0;59.7;60.4;68.0;67.3;67.6;68.0;67.3;67.6;29.98;29.97;-0.12;0.0;0.0
IBLUMENA15;America/Sao_Paulo;2020-07-11T14:39:48Z;2020-07-11 11:39:48;1594478388;-26.80653;-49.092304;417.3;4.0;90;78.0;76.0;76.7;-1;68.5;68.0;3.4;0.0;2.0;4.5;0.0;2.6;61.3;60.1;60.6;68.5;68.0;68.3;68.5;68.0;68.3;29.97;29.96;-0.08;0.0;0.0
IBLUMENA15;America/Sao_Paulo;2020-07-11T14:44:52Z;2020-07-11 11:44:52;1594478692;-26.80653;-49.092304;443.7;4.0;100;78.0;75.0;76.6;-1;68.4;67.8;3.1;0.9;2.0;3.4;1.1;2.3;60.8;59.9;60.4;68.4;67.8;68.0;68.4;67.8;68.0;29.97;29.96;0.11;0.0;0.0
IBLUMENA15;America/Sao_Paulo;2020-07-11T14:49:56Z;2020-07-11 11:49:56;1594478996;-26.80653;-49.092304;445.1;4.0;178;76.0;74.0;74.7;-1;69.3;68.4;2.2;0.0;0.8;2.2;0.0;1.2;60.6;59.9;60.4;69.3;68.4;68.8;69.3;68.4;68.8;29.97;29.97;0.04;0.0;0.0
IBLUMENA15;America/Sao_Paulo;2020-07-11T14:54:44Z;2020-07-11 11:54:44;1594479284;-26.80653;-49.092304;362.1;3.0;143;76.0;74.0;75.3;-1;69.6;68.7;2.9;0.9;1.7;3.4;1.1;2.1;61.7;60.8;61.2;69.6;68.7;69.4;69.6;68.7;69.4;29.97;29.96;-0.12;0.0;0.0
IBLUMENA15;America/Sao_Paulo;2020-07-11T14:59:48Z;2020-07-11 11:59:48;1594479588;-26.80653;-49.092304;256.3;2.0;143;77.0;76.0;76.1;-1;68.5;67.8;2.9;0.0;1.3;3.4;0.0;1.6;60.8;59.9;60.2;68.5;67.8;68.1;68.5;67.8;68.1;29.97;29.96;-0.04;0.0;0.0
IBLUMENA15;America/Sao_Paulo;2020-07-11T15:04:52Z;2020-07-11 12:04:52;1594479892;-26.80653;-49.092304;250.3;2.0;130;76.0;74.0;75.4;-1;69.1;67.8;2.2;0.0;0.9;2.2;0.0;1.4;60.4;59.7;60.3;69.1;67.8;68.4;69.1;67.8;68.4;29.97;29.96;0.11;0.0;0.0
IBLUMENA15;America/Sao_Paulo;2020-07-11T15:09:56Z;2020-07-11 12:09:56;1594480196;-26.80653;-49.092304;260.2;2.0;167;75.0;74.0;74.8;-1;69.3;69.1;2.5;0.0;1.0;3.4;0.0;1.5;61.0;60.4;60.8;69.3;69.1;69.2;69.3;69.1;69.2;29.97;29.97;-0.04;0.0;0.0
IBLUMENA15;America/Sao_Paulo;2020-07-11T15:14:44Z;2020-07-11 12:14:44;1594480484;-26.80653;-49.092304;273.7;2.0;140;77.0;75.0;75.4;-1;69.4;69.1;2.2;0.0;0.9;2.2;0.0;1.1;61.5;60.8;61.0;69.4;69.1;69.2;69.4;69.1;69.2;29.97;29.96;-0.08;0.0;0.0
IBLUMENA15;America/Sao_Paulo;2020-07-11T15:19:48Z;2020-07-11 12:19:48;1594480788;-26.80653;-49.092304;220.7;2.0;133;77.0;75.0;75.6;-1;69.4;69.1;1.8;0.0;0.9;2.2;0.0;1.1;61.5;61.2;61.3;69.4;69.1;69.3;69.4;69.1;69.3;29.97;29.96;0.04;0.0;0.0
IBLUMENA15;America/Sao_Paulo;2020-07-11T15:24:52Z;2020-07-11 12:24:52;1594481092;-26.80653;-49.092304;192.1;1.0;162;76.0;75.0;75.4;-1;69.8;69.1;2.5;0.0;0.8;3.4;0.0;1.3;61.9;60.8;61.4;69.8;69.1;69.5;69.8;69.1;69.5;29.97;29.96;0.04;0.0;0.0
IBLUMENA15;America/Sao_Paulo;2020-07-11T15:29:56Z;2020-07-11 12:29:56;1594481396;-26.80653;-49.092304;152.7;1.0;164;77.0;76.0;76.7;-1;69.8;69.1;2.9;0.0;1.7;3.4;0.0;2.1;62.2;61.5;61.8;69.8;69.1;69.4;69.8;69.1;69.4;29.97;29.96;0.0;0.0;0.0
IBLUMENA15;America/Sao_Paulo;2020-07-11T15:34:44Z;2020-07-11 12:34:44;1594481684;-26.80653;-49.092304;147.4;1.0;170;77.0;76.0;76.5;-1;69.6;69.1;1.1;0.0;0.4;1.1;0.0;0.8;62.1;61.2;61.7;69.6;69.1;69.4;69.6;69.1;69.4;29.97;29.95;-0.08;0.0;0.0
IBLUMENA15;America/Sao_Paulo;2020-07-11T15:39:48Z;2020-07-11 12:39:48;1594481988;-26.80653;-49.092304;141.4;1.0;155;77.0;75.0;76.0;-1;69.8;69.6;2.2;0.0;0.8;3.4;0.0;1.1;62.2;61.5;61.8;69.8;69.6;69.7;69.8;69.6;69.7;29.96;29.96;0.0;0.0;0.0
IBLUMENA15;America/Sao_Paulo;2020-07-11T15:44:52Z;2020-07-11 12:44:52;1594482292;-26.80653;-49.092304;90.7;0.0;160;77.0;76.0;76.0;-1;69.6;69.4;1.6;0.0;0.1;2.2;0.0;0.2;61.9;61.5;61.6;69.6;69.4;69.4;69.6;69.4;69.4;29.96;29.96;0.0;0.0;0.0
IBLUMENA15;America/Sao_Paulo;2020-07-11T15:49:56Z;2020-07-11 12:49:56;1594482596;-26.80653;-49.092304;117.4;1.0;145;78.0;76.0;76.8;-1;69.8;69.3;3.1;0.0;1.2;3.4;0.0;1.7;62.1;61.7;61.9;69.8;69.3;69.5;69.8;69.3;69.5;29.96;29.96;0.0;0.0;0.0
IBLUMENA15;America/Sao_Paulo;2020-07-11T15:54:44Z;2020-07-11 12:54:44;1594482884;-26.80653;-49.092304;111.0;1.0;148;78.0;77.0;77.6;-1;69.4;69.3;1.1;0.0;0.4;1.1;0.0;0.9;62.2;61.7;62.0;69.4;69.3;69.4;69.4;69.3;69.4;29.96;29.95;-0.04;0.0;0.0
IBLUMENA15;America/Sao_Paulo;2020-07-11T15:59:48Z;2020-07-11 12:59:48;1594483188;-26.80653;-49.092304;71.1;0.0;121;80.0;77.0;78.3;-1;69.4;68.9;2.5;0.0;1.3;3.4;0.0;1.7;62.8;61.9;62.3;69.4;68.9;69.2;69.4;68.9;69.2;29.96;29.95;-0.04;0.0;0.0
IBLUMENA15;America/Sao_Paulo;2020-07-11T16:04:52Z;2020-07-11 13:04:52;1594483492;-26.80653;-49.092304;76.3;0.0;124;80.0;78.0;79.2;-1;68.9;68.5;2.5;0.0;0.9;3.4;0.0;1.2;62.4;61.7;62.1;68.9;68.5;68.7;68.9;68.5;68.7;29.96;29.95;-0.08;0.0;0.0
IBLUMENA15;America/Sao_Paulo;2020-07-11T16:09:56Z;2020-07-11 13:09:56;1594483796;-26.80653;-49.092304;74.5;0.0;135;80.0;78.0;79.3;-1;68.7;68.7;1.8;0.0;1.0;2.2;0.0;1.3;62.2;61.7;62.1;68.7;68.7;68.7;68.7;68.7;68.7;29.96;29.95;0.08;0.0;0.0
IBLUMENA15;America/Sao_Paulo;2020-07-11T16:14:44Z;2020-07-11 13:14:44;1594484084;-26.80653;-49.092304;71.9;0.0;190;81.0;79.0;80.1;-1;68.9;68.7;3.4;0.0;1.2;3.4;0.0;1.8;62.8;62.1;62.5;68.9;68.7;68.9;68.9;68.7;68.9;29.96;29.95;0.08;0.0;0.0
IBLUMENA15;America/Sao_Paulo;2020-07-11T16:19:48Z;2020-07-11 13:19:48;1594484388;-26.80653;-49.092304;68.5;0.0;185;82.0;81.0;81.5;-1;68.7;68.2;2.5;1.1;1.6;3.4;1.1;2.0;62.8;62.1;62.4;68.7;68.2;68.4;68.7;68.2;68.4;29.96;29.96;0.0;0.0;0.0
IBLUMENA15;America/Sao_Paulo;2020-07-11T16:24:52Z;2020-07-11 13:24:52;1594484692;-26.80653;-49.092304;63.7;0.0;242;82.0;79.0;80.2;-1;68.2;68.0;4.0;0.0;1.6;4.5;0.0;2.0;62.4;61.5;61.8;68.2;68.0;68.2;68.2;68.0;68.2;29.96;29.96;0.04;0.0;0.0
IBLUMENA15;America/Sao_Paulo;2020-07-11T16:29:56Z;2020-07-11 13:29:56;1594484996;-26.80653;-49.092304;38.5;0.0;179;82.0;80.0;80.8;-1;68.0;67.6;2.2;0.0;0.9;3.4;0.0;1.3;61.9;61.5;61.7;68.0;67.6;67.8;68.0;67.6;67.8;29.96;29.96;-0.04;0.0;0.0
IBLUMENA15;America/Sao_Paulo;2020-07-11T16:34:44Z;2020-07-11 13:34:44;1594485284;-26.80653;-49.092304;25.6;0.0;175;82.0;80.0;81.6;-1;67.6;67.5;1.3;0.0;0.4;2.2;0.0;0.6;61.9;61.3;61.7;67.6;67.5;67.6;67.6;67.5;67.6;29.96;29.95;-0.12;0.0;0.0
IBLUMENA15;America/Sao_Paulo;2020-07-11T16:39:48Z;2020-07-11 13:39:48;1594485588;-26.80653;-49.092304;40.7;0.0;130;85.0;82.0;83.3;-1;67.5;67.1;2.2;0.0;0.8;2.2;0.0;1.0;62.4;61.7;62.1;67.5;67.1;67.4;67.5;67.1;67.4;29.95;29.94;-0.11;0.0;0.0
IBLUMENA15;America/Sao_Paulo;2020-07-11T16:44:52Z;2020-07-11 13:44:52;1594485892;-26.80653;-49.092304;73.7;0.0;137;89.0;84.0;87.2;-1;67.1;66.6;1.6;0.0;0.8;2.2;0.0;1.1;63.3;62.1;62.9;67.1;66.6;66.9;67.1;66.6;66.9;29.94;29.92;-0.29;0.05;0.01
IBLUMENA15;America/Sao_Paulo;2020-07-11T16:49:56Z;2020-07-11 13:49:56;1594486196;-26.80653;-49.092304;89.3;0.0;162;90.0;89.0;89.2;-1;66.6;66.0;2.2;0.2;1.1;2.2;1.1;1.4;63.1;62.6;62.8;66.6;66.0;66.1;66.6;66.0;66.1;29.94;29.92;0.14;0.05;0.01
IBLUMENA15;America/Sao_Paulo;2020-07-11T16:54:44Z;2020-07-11 13:54:44;1594486484;-26.80653;-49.092304;200.8;1.0;142;92.0;89.0;91.0;-1;66.0;65.7;2.2;0.0;0.8;2.2;0.0;1.1;63.5;62.6;63.1;66.0;65.7;65.8;66.0;65.7;65.8;29.94;29.92;-0.07;0.05;0.01
IBLUMENA15;America/Sao_Paulo;2020-07-11T16:59:48Z;2020-07-11 13:59:48;1594486788;-26.80653;-49.092304;272.8;2.0;159;93.0;90.0;92.0;-1;66.0;65.7;2.2;0.9;1.3;3.4;1.1;1.8;63.7;63.0;63.4;66.0;65.7;65.8;66.0;65.7;65.8;29.93;29.92;0.0;0.0;0.01
IBLUMENA15;America/Sao_Paulo;2020-07-11T17:04:52Z;2020-07-11 14:04:52;1594487092;-26.80653;-49.092304;179.1;1.0;176;92.0;90.0;90.9;-1;66.2;66.0;2.9;0.4;1.6;4.5;1.1;2.3;63.9;63.0;63.4;66.2;66.0;66.2;66.2;66.0;66.2;29.93;29.92;0.0;0.0;0.01
IBLUMENA15;America/Sao_Paulo;2020-07-11T17:09:56Z;2020-07-11 14:09:56;1594487396;-26.80653;-49.092304;130.0;1.0;125;92.0;91.0;91.7;-1;66.6;66.2;2.5;0.9;1.5;3.4;1.1;1.9;64.2;63.7;64.0;66.6;66.2;66.4;66.6;66.2;66.4;29.93;29.92;-0.04;0.0;0.01
IBLUMENA15;America/Sao_Paulo;2020-07-11T17:14:44Z;2020-07-11 14:14:44;1594487684;-26.80653;-49.092304;97.5;0.0;196;92.0;90.0;90.9;-1;66.4;66.2;3.1;0.4;1.4;4.5;1.1;1.8;64.0;63.3;63.5;66.4;66.2;66.3;66.4;66.2;66.3;29.94;29.92;0.19;0.0;0.01
IBLUMENA15;America/Sao_Paulo;2020-07-11T17:19:48Z;2020-07-11 14:19:48;1594487988;-26.80653;-49.092304;71.6;0.0;191;90.0;88.0;89.0;-1;66.4;66.4;3.8;0.7;1.5;4.5;1.1;1.8;63.3;62.6;63.0;66.4;66.4;66.4;66.4;66.4;66.4;29.94;29.92;-0.14;0.0;0.01
IBLUMENA15;America/Sao_Paulo;2020-07-11T17:24:52Z;2020-07-11 14:24:52;1594488292;-26.80653;-49.092304;54.6;0.0;139;90.0;89.0;89.8;-1;66.4;66.4;1.1;0.0;0.1;1.1;0.0;0.2;63.3;63.0;63.2;66.4;66.4;66.4;66.4;66.4;66.4;29.94;29.92;0.14;0.0;0.01
IBLUMENA15;America/Sao_Paulo;2020-07-11T17:29:56Z;2020-07-11 14:29:56;1594488596;-26.80653;-49.092304;58.5;0.0;110;91.0;89.0;90.1;-1;66.4;66.2;2.9;0.0;1.4;3.4;0.0;1.8;63.7;63.0;63.3;66.4;66.2;66.4;66.4;66.2;66.4;29.94;29.92;-0.25;0.0;0.01
IBLUMENA15;America/Sao_Paulo;2020-07-11T17:34:44Z;2020-07-11 14:34:44;1594488884;-26.80653;-49.092304;72.4;0.0;111;91.0;90.0;90.5;-1;66.4;66.2;3.4;1.1;2.0;3.4;1.1;2.6;63.7;63.1;63.4;66.4;66.2;66.3;66.4;66.2;66.3;29.92;29.9;-0.16;0.0;0.01
IBLUMENA15;America/Sao_Paulo;2020-07-11T17:39:48Z;2020-07-11 14:39:48;1594489188;-26.80653;-49.092304;80.6;0.0;165;92.0;90.0;90.9;-1;66.4;66.4;2.5;0.9;1.5;3.4;1.1;1.9;64.0;63.3;63.6;66.4;66.4;66.4;66.4;66.4;66.4;29.9;29.89;-0.11;0.0;0.01
IBLUMENA15;America/Sao_Paulo;2020-07-11T17:44:52Z;2020-07-11 14:44:52;1594489492;-26.80653;-49.092304;78.4;0.0;176;92.0;91.0;91.3;-1;66.4;66.2;1.8;0.4;1.2;2.2;1.1;1.7;64.0;63.5;63.7;66.4;66.2;66.3;66.4;66.2;66.3;29.9;29.89;0.0;0.0;0.01
IBLUMENA15;America/Sao_Paulo;2020-07-11T17:49:56Z;2020-07-11 14:49:56;1594489796;-26.80653;-49.092304;84.5;0.0;189;93.0;91.0;91.9;-1;66.4;66.4;2.5;0.0;1.5;3.4;0.0;2.0;64.2;63.7;63.9;66.4;66.4;66.4;66.4;66.4;66.4;29.91;29.89;0.15;0.0;0.01
IBLUMENA15;America/Sao_Paulo;2020-07-11T17:54:44Z;2020-07-11 14:54:44;1594490084;-26.80653;-49.092304;87.6;0.0;203;92.0;91.0;91.7;-1;66.4;66.4;3.1;1.3;2.0;3.4;2.2;2.5;64.0;63.7;63.9;66.4;66.4;66.4;66.4;66.4;66.4;29.91;29.9;-0.04;0.0;0.01
IBLUMENA15;America/Sao_Paulo;2020-07-11T17:59:48Z;2020-07-11 14:59:48;1594490388;-26.80653;-49.092304;88.0;0.0;176;92.0;91.0;91.5;-1;66.6;66.4;1.6;0.0;0.6;2.2;0.0;0.9;64.2;63.7;63.9;66.6;66.4;66.5;66.6;66.4;66.5;29.91;29.9;-0.04;0.0;0.01
IBLUMENA15;America/Sao_Paulo;2020-07-11T18:04:52Z;2020-07-11 15:04:52;1594490692;-26.80653;-49.092304;91.9;0.0;158;91.0;91.0;91.0;-1;66.9;66.7;0.7;0.0;0.1;1.1;0.0;0.3;64.2;64.0;64.0;66.9;66.7;66.7;66.9;66.7;66.7;29.91;29.9;0.04;0.0;0.01
IBLUMENA15;America/Sao_Paulo;2020-07-11T18:09:56Z;2020-07-11 15:09:56;1594490996;-26.80653;-49.092304;327.5;3.0;159;92.0;90.0;90.6;-1;67.1;66.9;1.1;0.0;0.6;1.1;0.0;0.8;64.6;64.0;64.2;67.1;66.9;67.0;67.1;66.9;67.0;29.91;29.9;-0.04;0.0;0.01
IBLUMENA15;America/Sao_Paulo;2020-07-11T18:14:44Z;2020-07-11 15:14:44;1594491284;-26.80653;-49.092304;314.0;3.0;168;90.0;88.0;88.8;-1;67.5;67.1;2.2;0.0;1.0;2.2;0.0;1.3;64.0;63.5;63.8;67.5;67.1;67.4;67.5;67.1;67.4;29.91;29.9;0.0;0.0;0.01
IBLUMENA15;America/Sao_Paulo;2020-07-11T18:19:48Z;2020-07-11 15:19:48;1594491588;-26.80653;-49.092304;258.5;2.0;160;89.0;87.0;87.6;-1;68.0;67.6;1.1;0.0;0.8;2.2;0.0;1.1;64.2;63.7;64.0;68.0;67.6;67.8;68.0;67.6;67.8;29.91;29.9;0.04;0.0;0.01
IBLUMENA15;America/Sao_Paulo;2020-07-11T18:24:52Z;2020-07-11 15:24:52;1594491892;-26.80653;-49.092304;160.9;1.0;174;89.0;87.0;87.8;-1;68.2;68.0;2.9;0.0;1.3;3.4;0.0;1.8;64.8;64.0;64.3;68.2;68.0;68.1;68.2;68.0;68.1;29.91;29.9;0.04;0.0;0.01
IBLUMENA15;America/Sao_Paulo;2020-07-11T18:29:56Z;2020-07-11 15:29:56;1594492196;-26.80653;-49.092304;94.6;0.0;177;88.0;87.0;87.8;-1;68.0;68.0;2.9;0.9;1.6;4.5;1.1;2.3;64.2;64.0;64.2;68.0;68.0;68.0;68.0;68.0;68.0;29.92;29.91;0.08;0.0;0.01
IBLUMENA15;America/Sao_Paulo;2020-07-11T18:34:44Z;2020-07-11 15:34:44;1594492484;-26.80653;-49.092304;79.3;0.0;193;88.0;86.0;87.5;-1;68.2;67.8;3.8;1.1;2.2;4.5;2.2;2.8;64.4;63.5;64.1;68.2;67.8;68.1;68.2;67.8;68.1;29.92;29.91;0.04;0.0;0.01
IBLUMENA15;America/Sao_Paulo;2020-07-11T18:39:48Z;2020-07-11 15:39:48;1594492788;-26.80653;-49.092304;80.6;0.0;170;87.0;86.0;86.8;-1;67.8;67.8;4.5;0.9;1.9;4.5;1.1;2.5;63.9;63.5;63.8;67.8;67.8;67.8;67.8;67.8;67.8;29.92;29.91;0.0;0.0;0.01
IBLUMENA15;America/Sao_Paulo;2020-07-11T18:44:52Z;2020-07-11 15:44:52;1594493092;-26.80653;-49.092304;73.3;0.0;172;87.0;86.0;86.3;-1;67.8;67.8;3.4;1.1;1.9;4.5;1.1;2.5;63.9;63.5;63.6;67.8;67.8;67.8;67.8;67.8;67.8;29.92;29.92;0.04;0.0;0.01
IBLUMENA15;America/Sao_Paulo;2020-07-11T18:49:56Z;2020-07-11 15:49:56;1594493396;-26.80653;-49.092304;49.4;0.0;168;88.0;86.0;87.5;-1;67.8;67.8;2.0;0.0;0.6;2.2;0.0;1.1;64.0;63.5;63.9;67.8;67.8;67.8;67.8;67.8;67.8;29.92;29.92;-0.04;0.0;0.01
IBLUMENA15;America/Sao_Paulo;2020-07-11T18:54:44Z;2020-07-11 15:54:44;1594493684;-26.80653;-49.092304;42.0;0.0;144;88.0;87.0;87.5;-1;67.8;67.6;2.2;0.0;1.0;2.2;0.0;1.5;64.0;63.7;63.9;67.8;67.6;67.7;67.8;67.6;67.7;29.92;29.92;0.08;0.0;0.01
IBLUMENA15;America/Sao_Paulo;2020-07-11T18:59:48Z;2020-07-11 15:59:48;1594493988;-26.80653;-49.092304;52.8;0.0;148;87.0;86.0;86.7;-1;67.6;67.5;2.2;0.2;1.4;3.4;1.1;1.8;63.7;63.1;63.5;67.6;67.5;67.5;67.6;67.5;67.5;29.92;29.92;-0.04;0.0;0.01
IBLUMENA15;America/Sao_Paulo;2020-07-11T19:04:52Z;2020-07-11 16:04:52;1594494292;-26.80653;-49.092304;66.3;0.0;138;87.0;86.0;86.2;-1;67.6;67.5;1.8;0.0;0.4;2.2;0.0;0.5;63.7;63.1;63.2;67.6;67.5;67.5;67.6;67.5;67.5;29.92;29.91;-0.04;0.0;0.01
IBLUMENA15;America/Sao_Paulo;2020-07-11T19:09:56Z;2020-07-11 16:09:56;1594494596;-26.80653;-49.092304;69.4;0.0;133;88.0;86.0;86.7;-1;67.6;67.6;1.8;0.0;1.0;2.2;0.0;1.4;63.9;63.3;63.5;67.6;67.6;67.6;67.6;67.6;67.6;29.92;29.91;-0.04;0.0;0.01
IBLUMENA15;America/Sao_Paulo;2020-07-11T19:14:44Z;2020-07-11 16:14:44;1594494884;-26.80653;-49.092304;68.5;0.0;135;89.0;88.0;88.0;-1;67.6;67.5;1.3;0.0;0.6;2.2;0.0;1.0;64.0;63.7;63.8;67.6;67.5;67.6;67.6;67.5;67.6;29.92;29.91;0.04;0.0;0.01
IBLUMENA15;America/Sao_Paulo;2020-07-11T19:19:48Z;2020-07-11 16:19:48;1594495188;-26.80653;-49.092304;63.2;0.0;145;89.0;87.0;88.4;-1;67.6;67.5;0.0;0.0;0.0;0.0;0.0;0.0;64.2;63.7;64.0;67.6;67.5;67.6;67.6;67.5;67.6;29.92;29.91;-0.04;0.0;0.01
IBLUMENA15;America/Sao_Paulo;2020-07-11T19:24:52Z;2020-07-11 16:24:52;1594495492;-26.80653;-49.092304;62.4;0.0;145;89.0;87.0;88.2;-1;67.6;67.6;0.4;0.0;0.1;1.1;0.0;0.3;64.2;63.7;64.0;67.6;67.6;67.6;67.6;67.6;67.6;29.92;29.91;0.0;0.0;0.01
IBLUMENA15;America/Sao_Paulo;2020-07-11T19:29:56Z;2020-07-11 16:29:56;1594495796;-26.80653;-49.092304;67.7;0.0;127;90.0;87.0;88.9;-1;67.6;67.5;1.8;0.2;1.1;2.2;1.1;1.6;64.6;63.7;64.2;67.6;67.5;67.6;67.6;67.5;67.6;29.91;29.91;-0.04;0.0;0.01
IBLUMENA15;America/Sao_Paulo;2020-07-11T19:34:44Z;2020-07-11 16:34:44;1594496084;-26.80653;-49.092304;52.8;0.0;126;91.0;90.0;90.6;-1;67.5;67.3;1.1;0.4;0.9;1.1;1.1;1.1;64.6;64.2;64.5;67.5;67.3;67.3;67.5;67.3;67.3;29.92;29.91;-0.04;0.0;0.01
IBLUMENA15;America/Sao_Paulo;2020-07-11T19:39:48Z;2020-07-11 16:39:48;1594496388;-26.80653;-49.092304;52.8;0.0;119;92.0;91.0;91.5;-1;67.3;66.9;2.0;0.7;1.3;2.2;1.1;1.7;64.8;64.4;64.6;67.3;66.9;67.1;67.3;66.9;67.1;29.91;29.9;0.05;0.0;0.01
IBLUMENA15;America/Sao_Paulo;2020-07-11T19:44:52Z;2020-07-11 16:44:52;1594496692;-26.80653;-49.092304;48.6;0.0;123;92.0;92.0;92.0;-1;66.9;66.7;2.0;0.2;1.1;2.2;1.1;1.4;64.6;64.4;64.4;66.9;66.7;66.7;66.9;66.7;66.7;29.91;29.91;0.0;0.0;0.01
IBLUMENA15;America/Sao_Paulo;2020-07-11T19:49:56Z;2020-07-11 16:49:56;1594496996;-26.80653;-49.092304;38.2;0.0;108;93.0;92.0;92.6;-1;66.7;66.7;2.5;0.9;1.5;3.4;1.1;1.9;64.6;64.4;64.5;66.7;66.7;66.7;66.7;66.7;66.7;29.91;29.91;0.0;0.0;0.01
IBLUMENA15;America/Sao_Paulo;2020-07-11T19:54:44Z;2020-07-11 16:54:44;1594497284;-26.80653;-49.092304;33.4;0.0;114;93.0;93.0;93.0;-1;66.7;66.6;2.2;0.0;0.4;2.2;0.0;0.6;64.6;64.4;64.4;66.7;66.6;66.6;66.7;66.6;66.6;29.92;29.91;0.0;0.0;0.01
IBLUMENA15;America/Sao_Paulo;2020-07-11T19:59:48Z;2020-07-11 16:59:48;1594497588;-26.80653;-49.092304;28.6;0.0;137;93.0;92.0;92.6;-1;66.6;66.6;1.1;0.0;0.6;2.2;0.0;0.8;64.4;64.2;64.3;66.6;66.6;66.6;66.6;66.6;66.6;29.92;29.91;0.0;0.0;0.01
IBLUMENA15;America/Sao_Paulo;2020-07-11T20:04:52Z;2020-07-11 17:04:52;1594497892;-26.80653;-49.092304;22.5;0.0;129;93.0;93.0;93.0;-1;66.6;66.6;1.3;0.0;0.8;2.2;0.0;0.9;64.4;64.4;64.4;66.6;66.6;66.6;66.6;66.6;66.6;29.92;29.91;0.0;0.0;0.01
IBLUMENA15;America/Sao_Paulo;2020-07-11T20:09:56Z;2020-07-11 17:09:56;1594498196;-26.80653;-49.092304;18.1;0.0;126;94.0;93.0;93.9;-1;66.6;66.2;1.8;0.0;1.0;2.2;0.0;1.4;64.6;64.2;64.4;66.6;66.2;66.5;66.6;66.2;66.5;29.91;29.91;0.0;0.0;0.01
IBLUMENA15;America/Sao_Paulo;2020-07-11T20:14:44Z;2020-07-11 17:14:44;1594498484;-26.80653;-49.092304;13.3;0.0;129;95.0;94.0;94.8;-1;66.2;65.8;1.3;0.0;0.7;2.2;0.0;1.0;64.8;64.2;64.5;66.2;65.8;66.0;66.2;65.8;66.0;29.92;29.91;0.13;0.0;0.01
IBLUMENA15;America/Sao_Paulo;2020-07-11T20:19:48Z;2020-07-11 17:19:48;1594498788;-26.80653;-49.092304;10.8;0.0;133;95.0;95.0;95.0;-1;65.8;65.8;0.7;0.0;0.1;1.1;0.0;0.2;64.4;64.4;64.4;65.8;65.8;65.8;65.8;65.8;65.8;29.93;29.92;0.13;0.0;0.01
IBLUMENA15;America/Sao_Paulo;2020-07-11T20:24:52Z;2020-07-11 17:24:52;1594499092;-26.80653;-49.092304;7.3;0.0;141;95.0;94.0;94.9;-1;65.8;65.8;1.1;0.0;0.5;1.1;0.0;0.6;64.4;63.9;64.4;65.8;65.8;65.8;65.8;65.8;65.8;29.94;29.93;0.13;0.0;0.01
IBLUMENA15;America/Sao_Paulo;2020-07-11T20:29:56Z;2020-07-11 17:29:56;1594499396;-26.80653;-49.092304;2.9;0.0;183;95.0;94.0;94.7;-1;65.8;65.8;2.5;0.9;1.7;3.4;1.1;2.2;64.4;63.9;64.2;65.8;65.8;65.8;65.8;65.8;65.8;29.94;29.93;0.0;0.0;0.01
IBLUMENA15;America/Sao_Paulo;2020-07-11T20:34:44Z;2020-07-11 17:34:44;1594499684;-26.80653;-49.092304;2.1;0.0;166;95.0;95.0;95.0;-1;65.8;65.7;1.1;0.0;0.3;1.1;0.0;0.7;64.4;64.2;64.2;65.8;65.7;65.7;65.8;65.7;65.7;29.94;29.94;0.0;0.0;0.01
IBLUMENA15;America/Sao_Paulo;2020-07-11T20:39:48Z;2020-07-11 17:39:48;1594499988;-26.80653;-49.092304;1.7;0.0;167;95.0;95.0;95.0;-1;65.7;65.7;1.3;0.0;0.2;2.2;0.0;0.4;64.2;64.2;64.2;65.7;65.7;65.7;65.7;65.7;65.7;29.94;29.93;-0.13;0.0;0.01
IBLUMENA15;America/Sao_Paulo;2020-07-11T20:44:52Z;2020-07-11 17:44:52;1594500292;-26.80653;-49.092304;1.2;0.0;154;95.0;95.0;95.0;-1;65.7;65.7;0.4;0.0;0.0;1.1;0.0;0.1;64.2;64.2;64.2;65.7;65.7;65.7;65.7;65.7;65.7;29.94;29.93;0.13;0.0;0.01
IBLUMENA15;America/Sao_Paulo;2020-07-11T20:49:56Z;2020-07-11 17:49:56;1594500596;-26.80653;-49.092304;0.4;0.0;154;95.0;95.0;95.0;-1;65.7;65.5;0.2;0.0;0.0;1.1;0.0;0.1;64.2;64.0;64.0;65.7;65.5;65.5;65.7;65.5;65.5;29.94;29.93;-0.13;0.0;0.01
IBLUMENA15;America/Sao_Paulo;2020-07-11T20:54:44Z;2020-07-11 17:54:44;1594500884;-26.80653;-49.092304;0.0;0.0;154;95.0;95.0;95.0;-1;65.5;65.5;0.0;0.0;0.0;0.0;0.0;0.0;64.0;64.0;64.0;65.5;65.5;65.5;65.5;65.5;65.5;29.94;29.93;0.0;0.0;0.01
IBLUMENA15;America/Sao_Paulo;2020-07-11T20:59:48Z;2020-07-11 17:59:48;1594501188;-26.80653;-49.092304;0.0;0.0;159;96.0;95.0;95.6;-1;65.5;65.1;1.1;0.0;0.5;1.1;0.0;0.8;64.2;63.9;64.1;65.5;65.1;65.3;65.5;65.1;65.3;29.94;29.93;0.13;0.0;0.01
IBLUMENA15;America/Sao_Paulo;2020-07-11T21:04:52Z;2020-07-11 18:04:52;1594501492;-26.80653;-49.092304;0.0;0.0;160;97.0;96.0;96.0;-1;65.1;64.8;1.1;0.0;0.3;1.1;0.0;0.5;64.0;63.7;63.9;65.1;64.8;64.9;65.1;64.8;64.9;29.94;29.94;0.0;0.0;0.01
IBLUMENA15;America/Sao_Paulo;2020-07-11T21:09:56Z;2020-07-11 18:09:56;1594501796;-26.80653;-49.092304;0.0;0.0;166;97.0;97.0;97.0;-1;64.8;64.8;1.1;0.0;0.7;1.1;0.0;0.8;64.0;64.0;64.0;64.8;64.8;64.8;64.8;64.8;64.8;29.95;29.93;0.0;0.0;0.01
IBLUMENA15;America/Sao_Paulo;2020-07-11T21:14:44Z;2020-07-11 18:14:44;1594502084;-26.80653;-49.092304;0.0;0.0;170;97.0;97.0;97.0;-1;64.8;64.6;0.7;0.0;0.1;1.1;0.0;0.2;64.0;63.9;63.9;64.8;64.6;64.7;64.8;64.6;64.7;29.95;29.94;0.0;0.0;0.01
IBLUMENA15;America/Sao_Paulo;2020-07-11T21:19:48Z;2020-07-11 18:19:48;1594502388;-26.80653;-49.092304;0.0;0.0;170;97.0;97.0;97.0;-1;64.6;64.6;1.1;0.0;0.5;1.1;0.0;1.0;63.9;63.9;63.9;64.6;64.6;64.6;64.6;64.6;64.6;29.95;29.94;0.13;0.0;0.01
IBLUMENA15;America/Sao_Paulo;2020-07-11T21:24:52Z;2020-07-11 18:24:52;1594502692;-26.80653;-49.092304;0.0;0.0;170;97.0;97.0;97.0;-1;64.6;64.4;0.2;0.0;0.0;1.1;0.0;0.1;63.9;63.7;63.8;64.6;64.4;64.4;64.6;64.4;64.4;29.95;29.95;0.0;0.0;0.01
IBLUMENA15;America/Sao_Paulo;2020-07-11T21:29:56Z;2020-07-11 18:29:56;1594502996;-26.80653;-49.092304;0.0;0.0;168;97.0;97.0;97.0;-1;64.2;64.0;0.0;0.0;0.0;0.0;0.0;0.0;63.5;63.3;63.5;64.2;64.0;64.2;64.2;64.0;64.2;29.95;29.95;0.0;0.0;0.01
IBLUMENA15;America/Sao_Paulo;2020-07-11T21:34:44Z;2020-07-11 18:34:44;1594503284;-26.80653;-49.092304;0.0;0.0;155;98.0;97.0;97.9;-1;64.0;63.9;0.2;0.0;0.0;1.1;0.0;0.1;63.5;63.3;63.4;64.0;63.9;64.0;64.0;63.9;64.0;29.96;29.95;0.13;0.0;0.01
IBLUMENA15;America/Sao_Paulo;2020-07-11T21:39:48Z;2020-07-11 18:39:48;1594503588;-26.80653;-49.092304;0.0;0.0;154;98.0;98.0;98.0;-1;63.9;63.9;0.0;0.0;0.0;0.0;0.0;0.0;63.3;63.3;63.3;63.9;63.9;63.9;63.9;63.9;63.9;29.96;29.96;0.0;0.0;0.01
IBLUMENA15;America/Sao_Paulo;2020-07-11T21:44:52Z;2020-07-11 18:44:52;1594503892;-26.80653;-49.092304;0.0;0.0;133;98.0;98.0;98.0;-1;63.9;63.7;2.2;0.0;0.7;2.2;0.0;1.1;63.3;63.1;63.1;63.9;63.7;63.7;63.9;63.7;63.7;29.97;29.96;0.13;0.0;0.01
IBLUMENA15;America/Sao_Paulo;2020-07-11T21:49:56Z;2020-07-11 18:49:56;1594504196;-26.80653;-49.092304;0.0;0.0;126;99.0;98.0;98.2;-1;63.7;63.5;1.1;0.0;0.2;1.1;0.0;0.2;63.1;63.0;63.0;63.7;63.5;63.5;63.7;63.5;63.5;29.98;29.96;0.0;0.0;0.01
IBLUMENA15;America/Sao_Paulo;2020-07-11T21:54:44Z;2020-07-11 18:54:44;1594504484;-26.80653;-49.092304;0.0;0.0;135;99.0;98.0;98.9;-1;63.7;63.5;1.1;0.0;0.5;1.1;0.0;0.7;63.3;63.0;63.1;63.7;63.5;63.5;63.7;63.5;63.5;29.97;29.96;-0.13;0.0;0.01
IBLUMENA15;America/Sao_Paulo;2020-07-11T21:59:48Z;2020-07-11 18:59:48;1594504788;-26.80653;-49.092304;0.0;0.0;124;99.0;99.0;99.0;-1;63.7;63.7;2.0;0.0;1.1;2.2;0.0;1.6;63.3;63.3;63.3;63.7;63.7;63.7;63.7;63.7;63.7;29.96;29.96;0.0;0.0;0.01
IBLUMENA15;America/Sao_Paulo;2020-07-11T22:04:52Z;2020-07-11 19:04:52;1594505092;-26.80653;-49.092304;0.0;0.0;120;99.0;99.0;99.0;-1;63.7;63.5;2.2;0.0;0.9;2.2;0.0;1.4;63.3;63.1;63.2;63.7;63.5;63.6;63.7;63.5;63.6;29.96;29.96;0.0;0.0;0.01
IBLUMENA15;America/Sao_Paulo;2020-07-11T22:09:56Z;2020-07-11 19:09:56;1594505396;-26.80653;-49.092304;0.0;0.0;151;99.0;99.0;99.0;-1;63.5;63.3;0.9;0.0;0.2;1.1;0.0;0.4;63.1;63.0;63.0;63.5;63.3;63.3;63.5;63.3;63.3;29.96;29.95;0.0;0.0;0.01
IBLUMENA15;America/Sao_Paulo;2020-07-11T22:14:44Z;2020-07-11 19:14:44;1594505684;-26.80653;-49.092304;0.0;0.0;120;99.0;99.0;99.0;-1;63.3;63.3;1.8;0.0;0.7;2.2;0.0;1.1;63.0;63.0;63.0;63.3;63.3;63.3;63.3;63.3;63.3;29.96;29.95;-0.13;0.0;0.01
IBLUMENA15;America/Sao_Paulo;2020-07-11T22:19:48Z;2020-07-11 19:19:48;1594505988;-26.80653;-49.092304;0.0;0.0;50;99.0;99.0;99.0;-1;63.1;63.1;4.5;0.7;2.3;5.8;1.1;3.1;62.8;62.8;62.8;63.1;63.1;63.1;63.1;63.1;63.1;29.96;29.95;0.13;0.0;0.01
IBLUMENA15;America/Sao_Paulo;2020-07-11T22:24:52Z;2020-07-11 19:24:52;1594506292;-26.80653;-49.092304;0.0;0.0;81;99.0;96.0;97.8;-1;63.7;63.1;4.9;1.1;2.6;6.9;2.2;3.5;63.0;62.6;62.8;63.7;63.1;63.4;63.7;63.1;63.4;29.97;29.96;0.13;0.0;0.01
IBLUMENA15;America/Sao_Paulo;2020-07-11T22:29:56Z;2020-07-11 19:29:56;1594506596;-26.80653;-49.092304;0.0;0.0;34;96.0;95.0;95.4;-1;64.2;63.7;4.9;1.3;3.2;6.9;2.2;4.1;63.0;62.6;62.7;64.2;63.7;64.0;64.2;63.7;64.0;29.97;29.97;0.0;0.0;0.01
IBLUMENA15;America/Sao_Paulo;2020-07-11T22:34:44Z;2020-07-11 19:34:44;1594506884;-26.80653;-49.092304;0.0;0.0;60;95.0;94.0;94.1;-1;64.2;64.2;5.1;1.1;3.0;6.9;1.1;4.1;62.8;62.2;62.3;64.2;64.2;64.2;64.2;64.2;64.2;29.98;29.97;0.0;0.0;0.01
IBLUMENA15;America/Sao_Paulo;2020-07-11T22:39:48Z;2020-07-11 19:39:48;1594507188;-26.80653;-49.092304;0.0;0.0;30;94.0;94.0;94.0;-1;64.4;64.2;7.6;3.4;5.2;11.4;4.5;7.0;62.4;62.2;62.3;64.4;64.2;64.3;64.4;64.2;64.3;29.98;29.97;0.0;0.0;0.01
IBLUMENA15;America/Sao_Paulo;2020-07-11T22:44:52Z;2020-07-11 19:44:52;1594507492;-26.80653;-49.092304;0.0;0.0;32;94.0;94.0;94.0;-1;64.2;64.0;6.3;2.2;3.7;6.9;2.2;4.8;62.2;62.1;62.2;64.2;64.0;64.1;64.2;64.0;64.1;29.97;29.96;-0.13;0.0;0.01
IBLUMENA15;America/Sao_Paulo;2020-07-11T22:49:56Z;2020-07-11 19:49:56;1594507796;-26.80653;-49.092304;0.0;0.0;35;94.0;94.0;94.0;-1;64.0;64.0;7.4;2.2;4.0;9.2;3.4;5.3;62.1;62.1;62.1;64.0;64.0;64.0;64.0;64.0;64.0;29.98;29.96;0.13;0.0;0.01
IBLUMENA15;America/Sao_Paulo;2020-07-11T22:54:44Z;2020-07-11 19:54:44;1594508084;-26.80653;-49.092304;0.0;0.0;49;94.0;94.0;94.0;-1;64.0;63.9;7.6;1.8;5.0;10.3;2.2;6.9;62.1;61.9;62.0;64.0;63.9;64.0;64.0;63.9;64.0;29.97;29.95;-0.26;0.0;0.01
IBLUMENA15;America/Sao_Paulo;2020-07-11T22:59:48Z;2020-07-11 19:59:48;1594508388;-26.80653;-49.092304;0.0;0.0;13;95.0;94.0;94.6;-1;63.9;63.7;9.6;3.1;6.7;12.5;3.4;8.8;62.4;61.9;62.2;63.9;63.7;63.9;63.9;63.7;63.9;29.96;29.95;0.13;0.0;0.01
IBLUMENA15;America/Sao_Paulo;2020-07-11T23:04:52Z;2020-07-11 20:04:52;1594508692;-26.80653;-49.092304;0.0;0.0;28;95.0;95.0;95.0;-1;63.7;63.7;10.5;3.4;5.6;12.5;4.5;7.2;62.2;62.2;62.2;63.7;63.7;63.7;63.7;63.7;63.7;29.96;29.96;0.0;0.0;0.01
IBLUMENA15;America/Sao_Paulo;2020-07-11T23:09:56Z;2020-07-11 20:09:56;1594508996;-26.80653;-49.092304;0.0;0.0;6;95.0;95.0;95.0;-1;63.7;63.7;6.9;2.2;4.3;10.3;2.2;5.4;62.2;62.2;62.2;63.7;63.7;63.7;63.7;63.7;63.7;29.97;29.96;0.13;0.0;0.01
IBLUMENA15;America/Sao_Paulo;2020-07-11T23:14:44Z;2020-07-11 20:14:44;1594509284;-26.80653;-49.092304;0.0;0.0;17;95.0;95.0;95.0;-1;63.7;63.7;11.0;4.3;7.2;12.5;5.8;9.6;62.2;62.2;62.2;63.7;63.7;63.7;63.7;63.7;63.7;29.97;29.96;-0.13;0.0;0.01
IBLUMENA15;America/Sao_Paulo;2020-07-11T23:19:48Z;2020-07-11 20:19:48;1594509588;-26.80653;-49.092304;0.0;0.0;18;95.0;94.0;94.5;-1;63.7;63.7;10.1;2.7;6.9;13.6;4.5;8.8;62.2;61.7;61.9;63.7;63.7;63.7;63.7;63.7;63.7;29.97;29.96;0.13;0.0;0.01
IBLUMENA15;America/Sao_Paulo;2020-07-11T23:24:52Z;2020-07-11 20:24:52;1594509892;-26.80653;-49.092304;0.0;0.0;7;95.0;94.0;94.2;-1;63.7;63.7;9.6;2.9;6.3;11.4;4.5;8.2;62.2;61.7;61.8;63.7;63.7;63.7;63.7;63.7;63.7;29.98;29.96;0.13;0.0;0.01
IBLUMENA15;America/Sao_Paulo;2020-07-11T23:29:56Z;2020-07-11 20:29:56;1594510196;-26.80653;-49.092304;0.0;0.0;357;95.0;94.0;94.5;-1;63.7;63.7;8.5;2.2;5.0;10.3;3.4;6.9;62.2;61.7;61.9;63.7;63.7;63.7;63.7;63.7;63.7;29.98;29.97;0.0;0.0;0.01
IBLUMENA15;America/Sao_Paulo;2020-07-11T23:34:44Z;2020-07-11 20:34:44;1594510484;-26.80653;-49.092304;0.0;0.0;21;94.0;94.0;94.0;-1;63.7;63.7;9.2;4.5;6.3;12.5;5.8;8.5;61.7;61.7;61.7;63.7;63.7;63.7;63.7;63.7;63.7;29.98;29.97;-0.13;0.0;0.01
IBLUMENA15;America/Sao_Paulo;2020-07-11T23:39:48Z;2020-07-11 20:39:48;1594510788;-26.80653;-49.092304;0.0;0.0;9;94.0;94.0;94.0;-1;63.7;63.7;10.5;4.3;7.1;12.5;5.8;9.2;61.7;61.7;61.7;63.7;63.7;63.7;63.7;63.7;63.7;29.97;29.96;0.0;0.0;0.01
IBLUMENA15;America/Sao_Paulo;2020-07-11T23:44:52Z;2020-07-11 20:44:52;1594511092;-26.80653;-49.092304;0.0;0.0;18;94.0;94.0;94.0;-1;63.7;63.7;9.8;4.0;7.0;12.5;5.8;8.8;61.7;61.7;61.7;63.7;63.7;63.7;63.7;63.7;63.7;29.98;29.97;0.13;0.0;0.01
IBLUMENA15;America/Sao_Paulo;2020-07-11T23:49:56Z;2020-07-11 20:49:56;1594511396;-26.80653;-49.092304;0.0;0.0;23;94.0;94.0;94.0;-1;63.7;63.7;7.6;2.5;4.7;10.3;3.4;6.3;61.7;61.7;61.7;63.7;63.7;63.7;63.7;63.7;63.7;29.98;29.97;0.0;0.0;0.01
IBLUMENA15;America/Sao_Paulo;2020-07-11T23:54:44Z;2020-07-11 20:54:44;1594511684;-26.80653;-49.092304;0.0;0.0;45;94.0;94.0;94.0;-1;63.7;63.7;6.5;2.2;4.8;10.3;3.4;6.2;61.7;61.7;61.7;63.7;63.7;63.7;63.7;63.7;63.7;29.98;29.97;0.0;0.0;0.01
IBLUMENA15;America/Sao_Paulo;2020-07-11T23:59:48Z;2020-07-11 20:59:48;1594511988;-26.80653;-49.092304;0.0;0.0;18;94.0;94.0;94.0;-1;63.7;63.7;7.4;4.7;6.2;11.4;5.8;8.2;61.7;61.7;61.7;63.7;63.7;63.7;63.7;63.7;63.7;29.99;29.97;0.0;0.0;0.01
IBLUMENA15;America/Sao_Paulo;2020-07-12T00:04:52Z;2020-07-11 21:04:52;1594512292;-26.80653;-49.092304;0.0;0.0;16;94.0;94.0;94.0;-1;63.7;63.7;8.7;4.0;6.7;12.5;5.8;8.8;61.7;61.7;61.7;63.7;63.7;63.7;63.7;63.7;63.7;29.99;29.98;0.0;0.0;0.01
IBLUMENA15;America/Sao_Paulo;2020-07-12T00:09:56Z;2020-07-11 21:09:56;1594512596;-26.80653;-49.092304;0.0;0.0;20;94.0;94.0;94.0;-1;63.7;63.5;7.8;2.0;4.7;10.3;2.2;5.9;61.7;61.5;61.6;63.7;63.5;63.6;63.7;63.5;63.6;29.98;29.98;0.0;0.0;0.01
IBLUMENA15;America/Sao_Paulo;2020-07-12T00:14:44Z;2020-07-11 21:14:44;1594512884;-26.80653;-49.092304;0.0;0.0;48;94.0;94.0;94.0;-1;63.5;63.5;5.4;1.3;3.8;8.1;2.2;5.0;61.5;61.5;61.5;63.5;63.5;63.5;63.5;63.5;63.5;29.99;29.98;0.0;0.0;0.01
IBLUMENA15;America/Sao_Paulo;2020-07-12T00:19:48Z;2020-07-11 21:19:48;1594513188;-26.80653;-49.092304;0.0;0.0;23;94.0;94.0;94.0;-1;63.5;63.5;4.5;1.3;3.2;5.8;2.2;4.2;61.5;61.5;61.5;63.5;63.5;63.5;63.5;63.5;63.5;29.99;29.98;0.13;0.0;0.01
IBLUMENA15;America/Sao_Paulo;2020-07-12T00:24:52Z;2020-07-11 21:24:52;1594513492;-26.80653;-49.092304;0.0;0.0;26;94.0;94.0;94.0;-1;63.5;63.5;5.4;0.9;2.5;5.8;1.1;3.2;61.5;61.5;61.5;63.5;63.5;63.5;63.5;63.5;63.5;29.99;29.98;0.0;0.0;0.01
IBLUMENA15;America/Sao_Paulo;2020-07-12T00:29:56Z;2020-07-11 21:29:56;1594513796;-26.80653;-49.092304;0.0;0.0;62;94.0;94.0;94.0;-1;63.5;63.5;3.4;0.9;1.9;4.5;1.1;2.7;61.5;61.5;61.5;63.5;63.5;63.5;63.5;63.5;63.5;30.01;29.99;0.25;0.0;0.01
IBLUMENA15;America/Sao_Paulo;2020-07-12T00:34:44Z;2020-07-11 21:34:44;1594514084;-26.80653;-49.092304;0.0;0.0;50;94.0;94.0;94.0;-1;63.7;63.5;5.1;0.4;2.9;6.9;1.1;3.5;61.7;61.5;61.6;63.7;63.5;63.6;63.7;63.5;63.6;30.01;29.99;-0.13;0.0;0.01
IBLUMENA15;America/Sao_Paulo;2020-07-12T00:39:48Z;2020-07-11 21:39:48;1594514388;-26.80653;-49.092304;0.0;0.0;23;94.0;94.0;94.0;-1;63.7;63.7;4.5;0.9;2.3;5.8;1.1;3.0;61.7;61.7;61.7;63.7;63.7;63.7;63.7;63.7;63.7;30.01;30.0;0.13;0.0;0.01
IBLUMENA15;America/Sao_Paulo;2020-07-12T00:44:52Z;2020-07-11 21:44:52;1594514692;-26.80653;-49.092304;0.0;0.0;85;94.0;94.0;94.0;-1;63.7;63.7;2.5;0.2;1.6;3.4;1.1;1.9;61.7;61.7;61.7;63.7;63.7;63.7;63.7;63.7;63.7;30.01;30.0;0.0;0.0;0.01
IBLUMENA15;America/Sao_Paulo;2020-07-12T00:49:56Z;2020-07-11 21:49:56;1594514996;-26.80653;-49.092304;0.0;0.0;119;94.0;94.0;94.0;-1;63.7;63.7;2.2;0.0;1.2;2.2;0.0;1.6;61.7;61.7;61.7;63.7;63.7;63.7;63.7;63.7;63.7;30.01;30.0;-0.13;0.0;0.01
IBLUMENA15;America/Sao_Paulo;2020-07-12T00:54:44Z;2020-07-11 21:54:44;1594515284;-26.80653;-49.092304;0.0;0.0;104;94.0;94.0;94.0;-1;63.7;63.5;2.9;0.4;1.6;3.4;1.1;2.0;61.7;61.5;61.5;63.7;63.5;63.5;63.7;63.5;63.5;30.01;30.0;0.0;0.0;0.01
IBLUMENA15;America/Sao_Paulo;2020-07-12T00:59:48Z;2020-07-11 21:59:48;1594515588;-26.80653;-49.092304;0.0;0.0;35;94.0;94.0;94.0;-1;63.5;63.5;4.0;1.1;2.5;5.8;1.1;3.1;61.5;61.5;61.5;63.5;63.5;63.5;63.5;63.5;63.5;30.01;30.0;0.0;0.0;0.01
IBLUMENA15;America/Sao_Paulo;2020-07-12T01:04:52Z;2020-07-11 22:04:52;1594515892;-26.80653;-49.092304;0.0;0.0;76;94.0;94.0;94.0;-1;63.5;63.5;4.3;0.9;1.8;4.5;1.1;2.4;61.5;61.5;61.5;63.5;63.5;63.5;63.5;63.5;63.5;30.01;30.0;0.0;0.0;0.01
IBLUMENA15;America/Sao_Paulo;2020-07-12T01:09:56Z;2020-07-11 22:09:56;1594516196;-26.80653;-49.092304;0.0;0.0;133;94.0;94.0;94.0;-1;63.5;63.5;1.3;0.2;0.8;2.2;1.1;1.2;61.5;61.5;61.5;63.5;63.5;63.5;63.5;63.5;63.5;30.0;30.0;0.0;0.0;0.01
IBLUMENA15;America/Sao_Paulo;2020-07-12T01:14:44Z;2020-07-11 22:14:44;1594516484;-26.80653;-49.092304;0.0;0.0;107;94.0;94.0;94.0;-1;63.5;63.3;2.7;0.0;1.3;3.4;0.0;1.7;61.5;61.3;61.4;63.5;63.3;63.4;63.5;63.3;63.4;30.01;30.0;0.0;0.0;0.01
IBLUMENA15;America/Sao_Paulo;2020-07-12T01:19:48Z;2020-07-11 22:19:48;1594516788;-26.80653;-49.092304;0.0;0.0;119;94.0;93.0;93.8;-1;63.7;63.3;1.8;0.7;1.2;2.2;1.1;1.6;61.7;61.3;61.5;63.7;63.3;63.5;63.7;63.3;63.5;30.0;29.99;-0.13;0.0;0.01
IBLUMENA15;America/Sao_Paulo;2020-07-12T01:24:52Z;2020-07-11 22:24:52;1594517092;-26.80653;-49.092304;0.0;0.0;127;95.0;94.0;94.0;-1;63.7;63.3;2.2;0.0;0.9;2.2;0.0;1.2;61.9;61.3;61.5;63.7;63.3;63.5;63.7;63.3;63.5;30.01;29.99;0.25;0.0;0.01
IBLUMENA15;America/Sao_Paulo;2020-07-12T01:29:56Z;2020-07-11 22:29:56;1594517396;-26.80653;-49.092304;0.0;0.0;120;95.0;94.0;94.9;-1;63.3;63.1;2.0;0.0;0.9;2.2;0.0;1.3;61.9;61.3;61.8;63.3;63.1;63.3;63.3;63.1;63.3;30.01;29.99;-0.25;0.0;0.01
IBLUMENA15;America/Sao_Paulo;2020-07-12T01:34:44Z;2020-07-11 22:34:44;1594517684;-26.80653;-49.092304;0.0;0.0;78;95.0;94.0;94.8;-1;63.1;63.1;4.7;2.2;3.3;5.8;2.2;4.2;61.7;61.2;61.6;63.1;63.1;63.1;63.1;63.1;63.1;29.99;29.97;-0.26;0.0;0.01
IBLUMENA15;America/Sao_Paulo;2020-07-12T01:39:48Z;2020-07-11 22:39:48;1594517988;-26.80653;-49.092304;0.0;0.0;66;95.0;94.0;94.3;-1;63.3;63.1;3.8;0.7;2.3;4.5;1.1;2.8;61.9;61.2;61.5;63.3;63.1;63.3;63.3;63.1;63.3;29.99;29.97;0.25;0.0;0.01
IBLUMENA15;America/Sao_Paulo;2020-07-12T01:44:52Z;2020-07-11 22:44:52;1594518292;-26.80653;-49.092304;0.0;0.0;140;95.0;94.0;94.9;-1;63.3;63.1;2.7;0.0;1.1;3.4;0.0;1.5;61.9;61.2;61.7;63.3;63.1;63.1;63.3;63.1;63.1;29.99;29.99;0.0;0.0;0.01
IBLUMENA15;America/Sao_Paulo;2020-07-12T01:49:56Z;2020-07-11 22:49:56;1594518596;-26.80653;-49.092304;0.0;0.0;102;95.0;94.0;94.1;-1;63.3;63.1;2.5;0.0;1.5;3.4;0.0;1.9;61.7;61.2;61.3;63.3;63.1;63.1;63.3;63.1;63.1;29.99;29.98;-0.13;0.0;0.01
IBLUMENA15;America/Sao_Paulo;2020-07-12T01:54:44Z;2020-07-11 22:54:44;1594518884;-26.80653;-49.092304;0.0;0.0;100;95.0;94.0;94.6;-1;63.1;63.1;3.1;1.1;1.8;4.5;1.1;2.4;61.7;61.2;61.5;63.1;63.1;63.1;63.1;63.1;63.1;29.99;29.98;0.0;0.0;0.01
IBLUMENA15;America/Sao_Paulo;2020-07-12T01:59:48Z;2020-07-11 22:59:48;1594519188;-26.80653;-49.092304;0.0;0.0;128;95.0;95.0;95.0;-1;63.1;63.1;2.5;0.2;1.1;3.4;1.1;1.5;61.7;61.7;61.7;63.1;63.1;63.1;63.1;63.1;63.1;29.99;29.98;0.13;0.0;0.01
IBLUMENA15;America/Sao_Paulo;2020-07-12T02:04:52Z;2020-07-11 23:04:52;1594519492;-26.80653;-49.092304;0.0;0.0;105;95.0;95.0;95.0;-1;63.1;63.0;2.5;0.4;1.6;3.4;1.1;2.1;61.7;61.5;61.6;63.1;63.0;63.0;63.1;63.0;63.0;29.99;29.98;-0.13;0.0;0.01
IBLUMENA15;America/Sao_Paulo;2020-07-12T02:09:56Z;2020-07-11 23:09:56;1594519796;-26.80653;-49.092304;0.0;0.0;87;95.0;95.0;95.0;-1;63.0;63.0;3.6;0.9;2.2;4.5;1.1;2.9;61.5;61.5;61.5;63.0;63.0;63.0;63.0;63.0;63.0;29.99;29.97;-0.13;0.0;0.01
IBLUMENA15;America/Sao_Paulo;2020-07-12T02:14:44Z;2020-07-11 23:14:44;1594520084;-26.80653;-49.092304;0.0;0.0;90;95.0;95.0;95.0;-1;63.0;63.0;3.8;1.3;2.3;5.8;2.2;2.8;61.5;61.5;61.5;63.0;63.0;63.0;63.0;63.0;63.0;29.98;29.97;0.13;0.0;0.01
IBLUMENA15;America/Sao_Paulo;2020-07-12T02:19:48Z;2020-07-11 23:19:48;1594520388;-26.80653;-49.092304;0.0;0.0;100;95.0;95.0;95.0;-1;63.0;63.0;2.5;0.7;1.6;3.4;1.1;2.1;61.5;61.5;61.5;63.0;63.0;63.0;63.0;63.0;63.0;29.98;29.97;0.0;0.0;0.01
IBLUMENA15;America/Sao_Paulo;2020-07-12T02:24:52Z;2020-07-11 23:24:52;1594520692;-26.80653;-49.092304;0.0;0.0;108;95.0;95.0;95.0;-1;63.1;63.0;2.5;0.9;1.7;3.4;1.1;2.2;61.7;61.5;61.6;63.1;63.0;63.0;63.1;63.0;63.0;29.98;29.97;-0.13;0.0;0.01
IBLUMENA15;America/Sao_Paulo;2020-07-12T02:29:56Z;2020-07-11 23:29:56;1594520996;-26.80653;-49.092304;0.0;0.0;96;95.0;95.0;95.0;-1;63.0;63.0;2.7;0.7;1.5;3.4;1.1;2.1;61.5;61.5;61.5;63.0;63.0;63.0;63.0;63.0;63.0;29.98;29.97;0.0;0.0;0.01
IBLUMENA15;America/Sao_Paulo;2020-07-12T02:34:44Z;2020-07-11 23:34:44;1594521284;-26.80653;-49.092304;0.0;0.0;119;95.0;95.0;95.0;-1;63.0;63.0;2.2;0.0;1.0;2.2;0.0;1.4;61.5;61.5;61.5;63.0;63.0;63.0;63.0;63.0;63.0;29.98;29.97;0.0;0.0;0.01
IBLUMENA15;America/Sao_Paulo;2020-07-12T02:39:48Z;2020-07-11 23:39:48;1594521588;-26.80653;-49.092304;0.0;0.0;113;95.0;95.0;95.0;-1;63.0;63.0;2.5;0.0;1.2;3.4;0.0;1.5;61.5;61.5;61.5;63.0;63.0;63.0;63.0;63.0;63.0;29.97;29.96;0.0;0.0;0.01
IBLUMENA15;America/Sao_Paulo;2020-07-12T02:44:52Z;2020-07-11 23:44:52;1594521892;-26.80653;-49.092304;0.0;0.0;74;95.0;95.0;95.0;-1;63.0;63.0;3.4;0.4;1.9;4.5;1.1;2.4;61.5;61.5;61.5;63.0;63.0;63.0;63.0;63.0;63.0;29.97;29.96;0.0;0.0;0.01
IBLUMENA15;America/Sao_Paulo;2020-07-12T02:49:56Z;2020-07-11 23:49:56;1594522196;-26.80653;-49.092304;0.0;0.0;55;95.0;95.0;95.0;-1;63.0;63.0;3.8;0.9;2.4;4.5;1.1;2.8;61.5;61.5;61.5;63.0;63.0;63.0;63.0;63.0;63.0;29.97;29.96;-0.13;0.0;0.01
IBLUMENA15;America/Sao_Paulo;2020-07-12T02:54:44Z;2020-07-11 23:54:44;1594522484;-26.80653;-49.092304;0.0;0.0;42;95.0;95.0;95.0;-1;63.0;63.0;4.3;0.9;2.4;4.5;1.1;3.0;61.5;61.5;61.5;63.0;63.0;63.0;63.0;63.0;63.0;29.96;29.96;0.0;0.0;0.01
IBLUMENA15;America/Sao_Paulo;2020-07-12T02:59:48Z;2020-07-11 23:59:48;1594522788;-26.80653;-49.092304;0.0;0.0;52;95.0;95.0;95.0;-1;63.0;63.0;4.7;0.0;2.3;5.8;0.0;3.0;61.5;61.5;61.5;63.0;63.0;63.0;63.0;63.0;63.0;29.97;29.95;0.0;0.0;0.01
