IBLUMENA15;America/Sao_Paulo;2020-07-12T03:04:52Z;2020-07-12 00:04:52;1594523092;-26.80653;-49.092304;0.0;0.0;104;95.0;95.0;95.0;-1;63.0;62.8;3.1;0.7;1.4;3.4;1.1;1.8;61.5;61.3;61.5;63.0;62.8;63.0;63.0;62.8;63.0;29.96;29.96;0.04;0.0;0.0
IBLUMENA15;America/Sao_Paulo;2020-07-12T03:09:56Z;2020-07-12 00:09:56;1594523396;-26.80653;-49.092304;0.0;0.0;99;96.0;95.0;95.9;-1;62.8;62.8;3.4;0.0;0.7;3.4;0.0;1.0;61.7;61.3;61.7;62.8;62.8;62.8;62.8;62.8;62.8;29.97;29.95;-0.08;0.0;0.0
IBLUMENA15;America/Sao_Paulo;2020-07-12T03:14:44Z;2020-07-12 00:14:44;1594523684;-26.80653;-49.092304;0.0;0.0;111;96.0;96.0;96.0;-1;62.8;62.8;2.5;0.2;1.4;3.4;1.1;1.8;61.7;61.7;61.7;62.8;62.8;62.8;62.8;62.8;62.8;29.96;29.95;0.08;0.0;0.0
IBLUMENA15;America/Sao_Paulo;2020-07-12T03:19:48Z;2020-07-12 00:19:48;1594523988;-26.80653;-49.092304;0.0;0.0;100;96.0;96.0;96.0;-1;62.8;62.8;3.8;0.7;2.0;4.5;1.1;2.6;61.7;61.7;61.7;62.8;62.8;62.8;62.8;62.8;62.8;29.96;29.95;-0.11;0.0;0.0
IBLUMENA15;America/Sao_Paulo;2020-07-12T03:24:52Z;2020-07-12 00:24:52;1594524292;-26.80653;-49.092304;0.0;0.0;121;96.0;96.0;96.0;-1;62.8;62.6;2.0;0.2;1.1;2.2;1.1;1.5;61.7;61.5;61.6;62.8;62.6;62.7;62.8;62.6;62.7;29.95;29.95;0.0;0.0;0.0
IBLUMENA15;America/Sao_Paulo;2020-07-12T03:29:56Z;2020-07-12 00:29:56;1594524596;-26.80653;-49.092304;0.0;0.0;126;96.0;96.0;96.0;-1;62.8;62.6;2.2;0.0;0.8;3.4;0.0;1.2;61.7;61.5;61.6;62.8;62.6;62.7;62.8;62.6;62.7;29.95;29.95;-0.04;0.0;0.0
IBLUMENA15;America/Sao_Paulo;2020-07-12T03:34:44Z;2020-07-12 00:34:44;1594524884;-26.80653;-49.092304;0.0;0.0;130;97.0;96.0;96.1;-1;62.6;62.6;1.8;0.0;0.4;2.2;0.0;0.5;61.9;61.5;61.6;62.6;62.6;62.6;62.6;62.6;62.6;29.95;29.94;0.04;0.0;0.0
IBLUMENA15;America/Sao_Paulo;2020-07-12T03:39:48Z;2020-07-12 00:39:48;1594525188;-26.80653;-49.092304;0.0;0.0;134;97.0;97.0;97.0;-1;62.6;62.4;1.1;0.0;0.5;1.1;0.0;0.9;61.9;61.7;61.9;62.6;62.4;62.6;62.6;62.4;62.6;29.95;29.94;-0.08;0.0;0.0
IBLUMENA15;America/Sao_Paulo;2020-07-12T03:44:52Z;2020-07-12 00:44:52;1594525492;-26.80653;-49.092304;0.0;0.0;131;97.0;97.0;97.0;-1;62.4;62.4;1.1;0.0;0.4;1.1;0.0;0.8;61.7;61.7;61.7;62.4;62.4;62.4;62.4;62.4;62.4;29.95;29.94;0.0;0.0;0.0
IBLUMENA15;America/Sao_Paulo;2020-07-12T03:49:56Z;2020-07-12 00:49:56;1594525796;-26.80653;-49.092304;0.0;0.0;115;97.0;97.0;97.0;-1;62.4;62.4;2.2;0.4;1.2;3.4;1.1;1.6;61.7;61.7;61.7;62.4;62.4;62.4;62.4;62.4;62.4;29.94;29.94;-0.11;0.0;0.0
IBLUMENA15;America/Sao_Paulo;2020-07-12T03:54:44Z;2020-07-12 00:54:44;1594526084;-26.80653;-49.092304;0.0;0.0;99;97.0;97.0;97.0;-1;62.4;62.2;2.9;0.0;1.2;5.8;0.0;1.8;61.7;61.5;61.6;62.4;62.2;62.3;62.4;62.2;62.3;29.94;29.93;0.08;0.0;0.0
IBLUMENA15;America/Sao_Paulo;2020-07-12T03:59:48Z;2020-07-12 00:59:48;1594526388;-26.80653;-49.092304;0.0;0.0;112;97.0;97.0;97.0;-1;62.4;62.4;2.9;0.0;1.2;3.4;0.0;1.5;61.7;61.7;61.7;62.4;62.4;62.4;62.4;62.4;62.4;29.94;29.94;0.0;0.0;0.0
IBLUMENA15;America/Sao_Paulo;2020-07-12T04:04:52Z;2020-07-12 01:04:52;1594526692;-26.80653;-49.092304;0.0;0.0;112;97.0;97.0;97.0;-1;62.4;62.4;4.0;0.0;1.4;5.8;0.0;1.9;61.7;61.7;61.7;62.4;62.4;62.4;62.4;62.4;62.4;29.94;29.94;-0.08;0.0;0.0
IBLUMENA15;America/Sao_Paulo;2020-07-12T04:09:56Z;2020-07-12 01:09:56;1594526996;-26.80653;-49.092304;0.0;0.0;84;97.0;97.0;97.0;-1;62.6;62.4;4.5;0.9;2.2;5.8;1.1;2.8;61.9;61.7;61.8;62.6;62.4;62.5;62.6;62.4;62.5;29.94;29.93;-0.04;0.0;0.0
IBLUMENA15;America/Sao_Paulo;2020-07-12T04:14:44Z;2020-07-12 01:14:44;1594527284;-26.80653;-49.092304;0.0;0.0;72;97.0;97.0;97.0;-1;62.6;62.6;3.6;0.2;1.7;4.5;1.1;2.3;61.9;61.9;61.9;62.6;62.6;62.6;62.6;62.6;62.6;29.94;29.93;0.04;0.0;0.0
IBLUMENA15;America/Sao_Paulo;2020-07-12T04:19:48Z;2020-07-12 01:19:48;1594527588;-26.80653;-49.092304;0.0;0.0;90;97.0;96.0;96.6;-1;62.6;62.6;5.1;0.4;2.3;6.9;1.1;3.0;61.9;61.5;61.7;62.6;62.6;62.6;62.6;62.6;62.6;29.94;29.93;-0.04;0.0;0.0
IBLUMENA15;America/Sao_Paulo;2020-07-12T04:24:52Z;2020-07-12 01:24:52;1594527892;-26.80653;-49.092304;0.0;0.0;73;96.0;96.0;96.0;-1;62.8;62.6;4.9;1.1;2.5;5.8;1.1;3.2;61.7;61.5;61.7;62.8;62.6;62.8;62.8;62.6;62.8;29.94;29.93;0.0;0.0;0.0
IBLUMENA15;America/Sao_Paulo;2020-07-12T04:29:56Z;2020-07-12 01:29:56;1594528196;-26.80653;-49.092304;0.0;0.0;98;96.0;96.0;96.0;-1;62.8;62.8;4.0;1.1;2.4;4.5;1.1;2.9;61.7;61.7;61.7;62.8;62.8;62.8;62.8;62.8;62.8;29.93;29.92;-0.1;0.0;0.0
IBLUMENA15;America/Sao_Paulo;2020-07-12T04:34:44Z;2020-07-12 01:34:44;1594528484;-26.80653;-49.092304;0.0;0.0;84;96.0;96.0;96.0;-1;62.8;62.8;4.5;1.1;2.1;5.8;2.2;2.7;61.7;61.7;61.7;62.8;62.8;62.8;62.8;62.8;62.8;29.93;29.92;0.03;0.0;0.0
IBLUMENA15;America/Sao_Paulo;2020-07-12T04:39:48Z;2020-07-12 01:39:48;1594528788;-26.80653;-49.092304;0.0;0.0;59;96.0;95.0;95.5;-1;63.0;62.8;5.6;0.2;2.6;6.9;1.1;3.3;61.9;61.5;61.6;63.0;62.8;62.9;63.0;62.8;62.9;29.94;29.92;0.0;0.0;0.0
IBLUMENA15;America/Sao_Paulo;2020-07-12T04:44:52Z;2020-07-12 01:44:52;1594529092;-26.80653;-49.092304;0.0;0.0;115;95.0;95.0;95.0;-1;63.0;63.0;2.5;0.4;1.4;3.4;1.1;2.1;61.5;61.5;61.5;63.0;63.0;63.0;63.0;63.0;63.0;29.93;29.92;-0.03;0.0;0.0
IBLUMENA15;America/Sao_Paulo;2020-07-12T04:49:56Z;2020-07-12 01:49:56;1594529396;-26.80653;-49.092304;0.0;0.0;95;96.0;95.0;95.2;-1;63.0;63.0;4.0;0.7;1.9;4.5;1.1;2.5;61.9;61.5;61.6;63.0;63.0;63.0;63.0;63.0;63.0;29.93;29.92;0.0;0.0;0.0
IBLUMENA15;America/Sao_Paulo;2020-07-12T04:54:44Z;2020-07-12 01:54:44;1594529684;-26.80653;-49.092304;0.0;0.0;54;95.0;95.0;95.0;-1;63.0;63.0;4.0;0.9;2.3;5.8;2.2;3.2;61.5;61.5;61.5;63.0;63.0;63.0;63.0;63.0;63.0;29.93;29.92;-0.12;0.0;0.0
IBLUMENA15;America/Sao_Paulo;2020-07-12T04:59:48Z;2020-07-12 01:59:48;1594529988;-26.80653;-49.092304;0.0;0.0;105;95.0;95.0;95.0;-1;63.0;63.0;2.7;0.7;1.8;3.4;1.1;2.3;61.5;61.5;61.5;63.0;63.0;63.0;63.0;63.0;63.0;29.92;29.91;-0.08;0.0;0.0
IBLUMENA15;America/Sao_Paulo;2020-07-12T05:04:52Z;2020-07-12 02:04:52;1594530292;-26.80653;-49.092304;0.0;0.0;69;96.0;95.0;95.4;-1;63.0;63.0;4.3;0.4;2.4;5.8;1.1;3.1;61.9;61.5;61.7;63.0;63.0;63.0;63.0;63.0;63.0;29.92;29.91;0.04;0.0;0.0
IBLUMENA15;America/Sao_Paulo;2020-07-12T05:09:56Z;2020-07-12 02:09:56;1594530596;-26.80653;-49.092304;0.0;0.0;102;96.0;95.0;95.9;-1;63.0;63.0;2.9;0.7;1.7;3.4;1.1;2.3;61.9;61.5;61.9;63.0;63.0;63.0;63.0;63.0;63.0;29.92;29.91;-0.04;0.0;0.0
IBLUMENA15;America/Sao_Paulo;2020-07-12T05:14:44Z;2020-07-12 02:14:44;1594530884;-26.80653;-49.092304;0.0;0.0;98;96.0;96.0;96.0;-1;63.0;63.0;3.4;0.0;1.3;4.5;0.0;1.9;61.9;61.9;61.9;63.0;63.0;63.0;63.0;63.0;63.0;29.91;29.91;0.0;0.0;0.0
IBLUMENA15;America/Sao_Paulo;2020-07-12T05:19:48Z;2020-07-12 02:19:48;1594531188;-26.80653;-49.092304;0.0;0.0;115;96.0;96.0;96.0;-1;63.0;63.0;3.1;0.2;1.1;3.4;1.1;1.7;61.9;61.9;61.9;63.0;63.0;63.0;63.0;63.0;63.0;29.91;29.91;0.0;0.0;0.0
IBLUMENA15;America/Sao_Paulo;2020-07-12T05:24:52Z;2020-07-12 02:24:52;1594531492;-26.80653;-49.092304;0.0;0.0;131;96.0;96.0;96.0;-1;63.0;63.0;2.2;0.2;1.4;3.4;1.1;2.2;61.9;61.9;61.9;63.0;63.0;63.0;63.0;63.0;63.0;29.91;29.9;-0.11;0.0;0.0
IBLUMENA15;America/Sao_Paulo;2020-07-12T05:29:56Z;2020-07-12 02:29:56;1594531796;-26.80653;-49.092304;0.0;0.0;129;96.0;96.0;96.0;-1;63.0;62.8;1.6;0.2;0.8;3.4;1.1;1.2;61.9;61.7;61.7;63.0;62.8;62.8;63.0;62.8;62.8;29.9;29.9;-0.04;0.0;0.0
IBLUMENA15;America/Sao_Paulo;2020-07-12T05:34:44Z;2020-07-12 02:34:44;1594532084;-26.80653;-49.092304;0.0;0.0;125;96.0;96.0;96.0;-1;62.8;62.8;1.6;0.0;0.8;2.2;0.0;1.1;61.7;61.7;61.7;62.8;62.8;62.8;62.8;62.8;62.8;29.9;29.9;0.0;0.0;0.0
IBLUMENA15;America/Sao_Paulo;2020-07-12T05:39:48Z;2020-07-12 02:39:48;1594532388;-26.80653;-49.092304;0.0;0.0;155;96.0;96.0;96.0;-1;62.6;62.6;2.0;0.0;0.9;2.2;0.0;1.3;61.5;61.5;61.5;62.6;62.6;62.6;62.6;62.6;62.6;29.91;29.9;0.11;0.0;0.0
IBLUMENA15;America/Sao_Paulo;2020-07-12T05:44:52Z;2020-07-12 02:44:52;1594532692;-26.80653;-49.092304;0.0;0.0;178;96.0;96.0;96.0;-1;62.8;62.6;2.2;0.0;1.0;3.4;0.0;1.2;61.7;61.5;61.6;62.8;62.6;62.7;62.8;62.6;62.7;29.91;29.9;-0.04;0.0;0.0
IBLUMENA15;America/Sao_Paulo;2020-07-12T05:49:56Z;2020-07-12 02:49:56;1594532996;-26.80653;-49.092304;0.0;0.0;100;96.0;95.0;95.9;-1;62.8;62.6;2.7;0.0;1.4;3.4;0.0;2.0;61.7;61.3;61.7;62.8;62.6;62.8;62.8;62.6;62.8;29.9;29.9;-0.08;0.0;0.0
IBLUMENA15;America/Sao_Paulo;2020-07-12T05:54:44Z;2020-07-12 02:54:44;1594533284;-26.80653;-49.092304;0.0;0.0;114;96.0;95.0;95.5;-1;62.8;62.6;2.5;0.2;1.5;3.4;1.1;1.8;61.7;61.3;61.5;62.8;62.6;62.8;62.8;62.6;62.8;29.9;29.9;0.0;0.0;0.0
IBLUMENA15;America/Sao_Paulo;2020-07-12T05:59:48Z;2020-07-12 02:59:48;1594533588;-26.80653;-49.092304;0.0;0.0;132;96.0;96.0;96.0;-1;62.6;62.4;2.7;0.0;0.7;3.4;0.0;1.0;61.5;61.3;61.4;62.6;62.4;62.5;62.6;62.4;62.5;29.91;29.9;0.15;0.0;0.0
IBLUMENA15;America/Sao_Paulo;2020-07-12T06:04:52Z;2020-07-12 03:04:52;1594533892;-26.80653;-49.092304;0.0;0.0;169;96.0;96.0;96.0;-1;62.4;62.4;2.0;0.0;0.9;2.2;0.0;1.3;61.3;61.3;61.3;62.4;62.4;62.4;62.4;62.4;62.4;29.92;29.91;0.11;0.0;0.0
IBLUMENA15;America/Sao_Paulo;2020-07-12T06:09:56Z;2020-07-12 03:09:56;1594534196;-26.80653;-49.092304;0.0;0.0;171;97.0;96.0;96.8;-1;62.4;62.2;2.2;0.0;1.0;2.2;0.0;1.4;61.7;61.3;61.5;62.4;62.2;62.3;62.4;62.2;62.3;29.92;29.92;0.0;0.0;0.0
IBLUMENA15;America/Sao_Paulo;2020-07-12T06:14:44Z;2020-07-12 03:14:44;1594534484;-26.80653;-49.092304;0.0;0.0;157;97.0;97.0;97.0;-1;62.2;62.1;1.3;0.0;0.3;2.2;0.0;0.6;61.5;61.3;61.5;62.2;62.1;62.2;62.2;62.1;62.2;29.92;29.91;-0.04;0.0;0.0
IBLUMENA15;America/Sao_Paulo;2020-07-12T06:19:48Z;2020-07-12 03:19:48;1594534788;-26.80653;-49.092304;0.0;0.0;149;97.0;97.0;97.0;-1;62.1;61.9;0.9;0.0;0.2;1.1;0.0;0.4;61.3;61.2;61.3;62.1;61.9;62.0;62.1;61.9;62.0;29.92;29.91;-0.11;0.0;0.0
IBLUMENA15;America/Sao_Paulo;2020-07-12T06:24:52Z;2020-07-12 03:24:52;1594535092;-26.80653;-49.092304;0.0;0.0;151;98.0;98.0;98.0;-1;61.9;61.9;1.1;0.0;0.3;1.1;0.0;0.5;61.3;61.3;61.3;61.9;61.9;61.9;61.9;61.9;61.9;29.91;29.9;-0.04;0.0;0.0
IBLUMENA15;America/Sao_Paulo;2020-07-12T06:29:56Z;2020-07-12 03:29:56;1594535396;-26.80653;-49.092304;0.0;0.0;144;98.0;98.0;98.0;-1;61.9;61.7;1.1;0.0;0.5;1.1;0.0;0.7;61.3;61.2;61.2;61.9;61.7;61.8;61.9;61.7;61.8;29.9;29.89;0.0;0.0;0.0
IBLUMENA15;America/Sao_Paulo;2020-07-12T06:34:44Z;2020-07-12 03:34:44;1594535684;-26.80653;-49.092304;0.0;0.0;132;98.0;98.0;98.0;-1;61.7;61.7;1.6;0.0;0.9;2.2;0.0;1.2;61.2;61.2;61.2;61.7;61.7;61.7;61.7;61.7;61.7;29.9;29.89;-0.08;0.0;0.0
IBLUMENA15;America/Sao_Paulo;2020-07-12T06:39:48Z;2020-07-12 03:39:48;1594535988;-26.80653;-49.092304;0.0;0.0;136;98.0;98.0;98.0;-1;61.7;61.5;0.9;0.0;0.1;1.1;0.0;0.3;61.2;61.0;61.1;61.7;61.5;61.6;61.7;61.5;61.6;29.9;29.89;-0.08;0.0;0.0
IBLUMENA15;America/Sao_Paulo;2020-07-12T06:44:52Z;2020-07-12 03:44:52;1594536292;-26.80653;-49.092304;0.0;0.0;144;98.0;98.0;98.0;-1;61.7;61.5;0.0;0.0;0.0;0.0;0.0;0.0;61.2;61.0;61.0;61.7;61.5;61.5;61.7;61.5;61.5;29.9;29.89;0.08;0.0;0.0
IBLUMENA15;America/Sao_Paulo;2020-07-12T06:49:56Z;2020-07-12 03:49:56;1594536596;-26.80653;-49.092304;0.0;0.0;144;99.0;99.0;99.0;-1;61.5;61.5;1.1;0.0;0.5;1.1;0.0;0.8;61.2;61.2;61.2;61.5;61.5;61.5;61.5;61.5;61.5;29.9;29.89;-0.04;0.0;0.0
IBLUMENA15;America/Sao_Paulo;2020-07-12T06:54:44Z;2020-07-12 03:54:44;1594536884;-26.80653;-49.092304;0.0;0.0;147;99.0;99.0;99.0;-1;61.5;61.3;0.4;0.0;0.1;1.1;0.0;0.2;61.2;61.0;61.1;61.5;61.3;61.4;61.5;61.3;61.4;29.89;29.89;-0.04;0.0;0.0
IBLUMENA15;America/Sao_Paulo;2020-07-12T06:59:48Z;2020-07-12 03:59:48;1594537188;-26.80653;-49.092304;0.0;0.0;147;99.0;99.0;99.0;-1;61.3;61.3;0.2;0.0;0.0;1.1;0.0;0.0;61.0;61.0;61.0;61.3;61.3;61.3;61.3;61.3;61.3;29.89;29.89;-0.08;0.0;0.0
IBLUMENA15;America/Sao_Paulo;2020-07-12T07:04:52Z;2020-07-12 04:04:52;1594537492;-26.80653;-49.092304;0.0;0.0;147;99.0;99.0;99.0;-1;61.3;61.2;0.2;0.0;0.0;1.1;0.0;0.1;61.0;60.8;61.0;61.3;61.2;61.3;61.3;61.2;61.3;29.89;29.88;0.0;0.0;0.0
IBLUMENA15;America/Sao_Paulo;2020-07-12T07:09:56Z;2020-07-12 04:09:56;1594537796;-26.80653;-49.092304;0.0;0.0;147;99.0;99.0;99.0;-1;61.2;61.2;0.4;0.0;0.1;1.1;0.0;0.3;60.8;60.8;60.8;61.2;61.2;61.2;61.2;61.2;61.2;29.89;29.88;-0.08;0.0;0.0
IBLUMENA15;America/Sao_Paulo;2020-07-12T07:14:44Z;2020-07-12 04:14:44;1594538084;-26.80653;-49.092304;0.0;0.0;147;99.0;99.0;99.0;-1;61.2;61.0;0.2;0.0;0.0;1.1;0.0;0.2;60.8;60.6;60.6;61.2;61.0;61.0;61.2;61.0;61.0;29.89;29.88;-0.04;0.0;0.0
IBLUMENA15;America/Sao_Paulo;2020-07-12T07:19:48Z;2020-07-12 04:19:48;1594538388;-26.80653;-49.092304;0.0;0.0;147;99.0;99.0;99.0;-1;61.0;61.0;0.4;0.0;0.1;1.1;0.0;0.2;60.6;60.6;60.6;61.0;61.0;61.0;61.0;61.0;61.0;29.88;29.87;-0.08;0.0;0.0
IBLUMENA15;America/Sao_Paulo;2020-07-12T07:24:52Z;2020-07-12 04:24:52;1594538692;-26.80653;-49.092304;0.0;0.0;147;99.0;99.0;99.0;-1;61.0;61.0;0.0;0.0;0.0;0.0;0.0;0.0;60.6;60.6;60.6;61.0;61.0;61.0;61.0;61.0;61.0;29.88;29.87;-0.04;0.0;0.0
IBLUMENA15;America/Sao_Paulo;2020-07-12T07:29:56Z;2020-07-12 04:29:56;1594538996;-26.80653;-49.092304;0.0;0.0;147;99.0;99.0;99.0;-1;61.0;60.6;0.0;0.0;0.0;0.0;0.0;0.0;60.6;60.3;60.5;61.0;60.6;60.9;61.0;60.6;60.9;29.87;29.86;-0.04;0.0;0.0
IBLUMENA15;America/Sao_Paulo;2020-07-12T07:34:44Z;2020-07-12 04:34:44;1594539284;-26.80653;-49.092304;0.0;0.0;167;99.0;99.0;99.0;-1;60.6;60.6;1.3;0.0;0.7;2.2;0.0;1.0;60.3;60.3;60.3;60.6;60.6;60.6;60.6;60.6;60.6;29.87;29.86;-0.07;0.0;0.0
IBLUMENA15;America/Sao_Paulo;2020-07-12T07:39:48Z;2020-07-12 04:39:48;1594539588;-26.80653;-49.092304;0.0;0.0;186;99.0;99.0;99.0;-1;60.6;60.4;2.2;1.1;1.5;2.2;1.1;2.0;60.3;60.1;60.1;60.6;60.4;60.4;60.6;60.4;60.4;29.87;29.86;0.1;0.0;0.0
IBLUMENA15;America/Sao_Paulo;2020-07-12T07:44:52Z;2020-07-12 04:44:52;1594539892;-26.80653;-49.092304;0.0;0.0;190;99.0;99.0;99.0;-1;60.4;60.3;3.6;0.7;1.8;4.5;1.1;2.4;60.1;59.9;60.0;60.4;60.3;60.3;60.4;60.3;60.3;29.87;29.86;-0.04;0.0;0.0
IBLUMENA15;America/Sao_Paulo;2020-07-12T07:49:56Z;2020-07-12 04:49:56;1594540196;-26.80653;-49.092304;0.0;0.0;176;99.0;99.0;99.0;-1;60.6;60.4;2.5;0.0;1.1;3.4;0.0;1.6;60.3;60.1;60.1;60.6;60.4;60.4;60.6;60.4;60.4;29.87;29.86;-0.03;0.0;0.0
IBLUMENA15;America/Sao_Paulo;2020-07-12T07:54:44Z;2020-07-12 04:54:44;1594540484;-26.80653;-49.092304;0.0;0.0;162;99.0;99.0;99.0;-1;60.6;60.4;0.0;0.0;0.0;0.0;0.0;0.0;60.3;60.1;60.2;60.6;60.4;60.5;60.6;60.4;60.5;29.86;29.86;-0.04;0.0;0.0
IBLUMENA15;America/Sao_Paulo;2020-07-12T07:59:48Z;2020-07-12 04:59:48;1594540788;-26.80653;-49.092304;0.0;0.0;162;99.0;99.0;99.0;-1;60.4;60.4;1.1;0.0;0.3;1.1;0.0;0.5;60.1;60.1;60.1;60.4;60.4;60.4;60.4;60.4;60.4;29.87;29.86;0.04;0.0;0.0
IBLUMENA15;America/Sao_Paulo;2020-07-12T08:04:52Z;2020-07-12 05:04:52;1594541092;-26.80653;-49.092304;0.0;0.0;180;99.0;99.0;99.0;-1;60.4;60.4;2.2;0.4;1.1;2.2;1.1;1.5;60.1;60.1;60.1;60.4;60.4;60.4;60.4;60.4;60.4;29.87;29.86;0.1;0.0;0.0
IBLUMENA15;America/Sao_Paulo;2020-07-12T08:09:56Z;2020-07-12 05:09:56;1594541396;-26.80653;-49.092304;0.0;0.0;192;99.0;99.0;99.0;-1;60.6;60.4;2.5;0.7;1.6;3.4;1.1;2.0;60.3;60.1;60.2;60.6;60.4;60.5;60.6;60.4;60.5;29.87;29.86;-0.04;0.0;0.0
IBLUMENA15;America/Sao_Paulo;2020-07-12T08:14:44Z;2020-07-12 05:14:44;1594541684;-26.80653;-49.092304;0.0;0.0;169;99.0;99.0;99.0;-1;60.8;60.6;1.1;0.2;1.0;1.1;1.1;1.1;60.4;60.3;60.4;60.8;60.6;60.7;60.8;60.6;60.7;29.87;29.86;-0.11;0.0;0.0
IBLUMENA15;America/Sao_Paulo;2020-07-12T08:19:48Z;2020-07-12 05:19:48;1594541988;-26.80653;-49.092304;0.0;0.0;173;99.0;99.0;99.0;-1;60.8;60.8;1.3;0.0;0.6;2.2;0.0;1.0;60.4;60.4;60.4;60.8;60.8;60.8;60.8;60.8;60.8;29.87;29.86;0.1;0.0;0.0
IBLUMENA15;America/Sao_Paulo;2020-07-12T08:24:52Z;2020-07-12 05:24:52;1594542292;-26.80653;-49.092304;0.0;0.0;145;99.0;99.0;99.0;-1;60.6;60.6;0.9;0.0;0.2;1.1;0.0;0.5;60.3;60.3;60.3;60.6;60.6;60.6;60.6;60.6;60.6;29.87;29.86;-0.06;0.0;0.0
IBLUMENA15;America/Sao_Paulo;2020-07-12T08:29:56Z;2020-07-12 05:29:56;1594542596;-26.80653;-49.092304;0.0;0.0;143;99.0;99.0;99.0;-1;60.6;60.1;0.9;0.0;0.1;1.1;0.0;0.4;60.3;59.7;60.0;60.6;60.1;60.4;60.6;60.1;60.4;29.87;29.86;0.06;0.0;0.0
IBLUMENA15;America/Sao_Paulo;2020-07-12T08:34:44Z;2020-07-12 05:34:44;1594542884;-26.80653;-49.092304;0.0;0.0;140;99.0;99.0;99.0;-1;60.1;60.1;1.1;0.0;0.5;1.1;0.0;0.7;59.7;59.7;59.7;60.1;60.1;60.1;60.1;60.1;60.1;29.87;29.86;-0.11;0.0;0.0
IBLUMENA15;America/Sao_Paulo;2020-07-12T08:39:48Z;2020-07-12 05:39:48;1594543188;-26.80653;-49.092304;0.0;0.0;131;99.0;99.0;99.0;-1;60.1;60.1;1.3;0.7;1.0;2.2;1.1;1.1;59.7;59.7;59.7;60.1;60.1;60.1;60.1;60.1;60.1;29.87;29.86;0.04;0.0;0.0
IBLUMENA15;America/Sao_Paulo;2020-07-12T08:44:52Z;2020-07-12 05:44:52;1594543492;-26.80653;-49.092304;0.0;0.0;134;99.0;99.0;99.0;-1;60.1;60.1;1.1;0.0;0.7;1.1;0.0;0.9;59.7;59.7;59.7;60.1;60.1;60.1;60.1;60.1;60.1;29.86;29.86;0.0;0.0;0.0
IBLUMENA15;America/Sao_Paulo;2020-07-12T08:49:56Z;2020-07-12 05:49:56;1594543796;-26.80653;-49.092304;0.0;0.0;131;99.0;99.0;99.0;-1;60.3;60.1;0.9;0.0;0.3;1.1;0.0;0.6;59.9;59.7;59.8;60.3;60.1;60.2;60.3;60.1;60.2;29.86;29.86;-0.08;0.0;0.0
IBLUMENA15;America/Sao_Paulo;2020-07-12T08:54:44Z;2020-07-12 05:54:44;1594544084;-26.80653;-49.092304;0.0;0.0;133;99.0;99.0;99.0;-1;60.3;60.3;0.9;0.0;0.3;1.1;0.0;0.5;59.9;59.9;59.9;60.3;60.3;60.3;60.3;60.3;60.3;29.87;29.86;0.11;0.0;0.0
IBLUMENA15;America/Sao_Paulo;2020-07-12T08:59:48Z;2020-07-12 05:59:48;1594544388;-26.80653;-49.092304;0.0;0.0;137;99.0;99.0;99.0;-1;60.4;60.4;1.1;0.0;0.5;1.1;0.0;0.7;60.1;60.1;60.1;60.4;60.4;60.4;60.4;60.4;60.4;29.87;29.86;0.08;0.0;0.0
IBLUMENA15;America/Sao_Paulo;2020-07-12T09:04:52Z;2020-07-12 06:04:52;1594544692;-26.80653;-49.092304;0.0;0.0;140;99.0;99.0;99.0;-1;60.4;60.4;0.9;0.0;0.1;1.1;0.0;0.4;60.1;60.1;60.1;60.4;60.4;60.4;60.4;60.4;60.4;29.87;29.86;-0.04;0.0;0.0
IBLUMENA15;America/Sao_Paulo;2020-07-12T09:09:56Z;2020-07-12 06:09:56;1594544996;-26.80653;-49.092304;0.0;0.0;143;99.0;99.0;99.0;-1;60.4;60.4;1.1;0.0;0.2;1.1;0.0;0.3;60.1;60.1;60.1;60.4;60.4;60.4;60.4;60.4;60.4;29.87;29.86;-0.04;0.0;0.0
IBLUMENA15;America/Sao_Paulo;2020-07-12T09:14:44Z;2020-07-12 06:14:44;1594545284;-26.80653;-49.092304;0.0;0.0;134;99.0;99.0;99.0;-1;60.4;60.3;1.3;0.7;1.0;2.2;1.1;1.2;60.1;59.9;60.0;60.4;60.3;60.3;60.4;60.3;60.3;29.87;29.86;-0.03;0.0;0.0
IBLUMENA15;America/Sao_Paulo;2020-07-12T09:19:48Z;2020-07-12 06:19:48;1594545588;-26.80653;-49.092304;0.0;0.0;120;99.0;99.0;99.0;-1;60.3;60.1;2.5;0.2;1.2;4.5;1.1;1.7;59.9;59.7;59.8;60.3;60.1;60.2;60.3;60.1;60.2;29.86;29.86;0.0;0.0;0.0
IBLUMENA15;America/Sao_Paulo;2020-07-12T09:24:52Z;2020-07-12 06:24:52;1594545892;-26.80653;-49.092304;0.0;0.0;132;99.0;99.0;99.0;-1;60.1;59.9;1.6;0.0;0.7;2.2;0.0;1.0;59.7;59.5;59.7;60.1;59.9;60.1;60.1;59.9;60.1;29.86;29.86;-0.08;0.0;0.0
IBLUMENA15;America/Sao_Paulo;2020-07-12T09:29:56Z;2020-07-12 06:29:56;1594546196;-26.80653;-49.092304;0.0;0.0;129;99.0;99.0;99.0;-1;60.1;59.9;2.0;0.0;0.8;2.2;0.0;1.2;59.7;59.5;59.7;60.1;59.9;60.1;60.1;59.9;60.1;29.86;29.86;0.0;0.0;0.0
IBLUMENA15;America/Sao_Paulo;2020-07-12T09:34:44Z;2020-07-12 06:34:44;1594546484;-26.80653;-49.092304;0.0;0.0;134;99.0;99.0;99.0;-1;60.1;59.9;1.1;0.0;0.2;1.1;0.0;0.4;59.7;59.5;59.5;60.1;59.9;59.9;60.1;59.9;59.9;29.86;29.86;0.08;0.0;0.0
IBLUMENA15;America/Sao_Paulo;2020-07-12T09:39:48Z;2020-07-12 06:39:48;1594546788;-26.80653;-49.092304;0.0;0.0;125;99.0;99.0;99.0;-1;59.9;59.9;1.6;0.0;0.6;2.2;0.0;1.0;59.5;59.5;59.5;59.9;59.9;59.9;59.9;59.9;59.9;29.86;29.86;-0.04;0.0;0.0
IBLUMENA15;America/Sao_Paulo;2020-07-12T09:44:52Z;2020-07-12 06:44:52;1594547092;-26.80653;-49.092304;0.0;0.0;132;99.0;99.0;99.0;-1;59.9;59.9;1.1;0.0;0.8;1.1;0.0;1.1;59.5;59.5;59.5;59.9;59.9;59.9;59.9;59.9;59.9;29.86;29.86;0.04;0.0;0.0
IBLUMENA15;America/Sao_Paulo;2020-07-12T09:49:56Z;2020-07-12 06:49:56;1594547396;-26.80653;-49.092304;0.0;0.0;133;99.0;99.0;99.0;-1;59.9;59.5;0.4;0.0;0.0;1.1;0.0;0.2;59.5;59.2;59.4;59.9;59.5;59.7;59.9;59.5;59.7;29.87;29.86;-0.04;0.0;0.0
IBLUMENA15;America/Sao_Paulo;2020-07-12T09:54:44Z;2020-07-12 06:54:44;1594547684;-26.80653;-49.092304;0.0;0.0;133;99.0;99.0;99.0;-1;59.5;59.4;0.9;0.0;0.3;1.1;0.0;0.8;59.2;59.0;59.1;59.5;59.4;59.5;59.5;59.4;59.5;29.86;29.86;-0.04;0.0;0.0
IBLUMENA15;America/Sao_Paulo;2020-07-12T09:59:48Z;2020-07-12 06:59:48;1594547988;-26.80653;-49.092304;0.4;0.0;132;99.0;99.0;99.0;-1;59.4;59.2;1.1;0.0;0.4;1.1;0.0;0.9;59.0;58.8;58.9;59.4;59.2;59.3;59.4;59.2;59.3;29.86;29.86;0.0;0.0;0.0
IBLUMENA15;America/Sao_Paulo;2020-07-12T10:04:52Z;2020-07-12 07:04:52;1594548292;-26.80653;-49.092304;1.2;0.0;133;99.0;99.0;99.0;-1;59.2;59.2;0.0;0.0;0.0;0.0;0.0;0.0;58.8;58.8;58.8;59.2;59.2;59.2;59.2;59.2;59.2;29.86;29.85;0.08;0.0;0.0
IBLUMENA15;America/Sao_Paulo;2020-07-12T10:09:56Z;2020-07-12 07:09:56;1594548596;-26.80653;-49.092304;2.9;0.0;133;99.0;99.0;99.0;-1;59.2;59.2;0.0;0.0;0.0;0.0;0.0;0.0;58.8;58.8;58.8;59.2;59.2;59.2;59.2;59.2;59.2;29.86;29.85;0.03;0.0;0.0
IBLUMENA15;America/Sao_Paulo;2020-07-12T10:14:44Z;2020-07-12 07:14:44;1594548884;-26.80653;-49.092304;5.1;0.0;134;99.0;99.0;99.0;-1;59.2;59.0;0.2;0.0;0.0;1.1;0.0;0.1;58.8;58.6;58.6;59.2;59.0;59.0;59.2;59.0;59.0;29.86;29.86;-0.03;0.0;0.0
IBLUMENA15;America/Sao_Paulo;2020-07-12T10:19:48Z;2020-07-12 07:19:48;1594549188;-26.80653;-49.092304;9.5;0.0;133;99.0;99.0;99.0;-1;59.2;59.2;0.7;0.0;0.1;1.1;0.0;0.5;58.8;58.8;58.8;59.2;59.2;59.2;59.2;59.2;59.2;29.86;29.85;-0.04;0.0;0.0
IBLUMENA15;America/Sao_Paulo;2020-07-12T10:24:52Z;2020-07-12 07:24:52;1594549492;-26.80653;-49.092304;10.8;0.0;133;99.0;99.0;99.0;-1;59.2;59.0;0.0;0.0;0.0;0.0;0.0;0.0;58.8;58.6;58.6;59.2;59.0;59.0;59.2;59.0;59.0;29.86;29.85;-0.04;0.0;0.0
IBLUMENA15;America/Sao_Paulo;2020-07-12T10:29:56Z;2020-07-12 07:29:56;1594549796;-26.80653;-49.092304;15.2;0.0;148;99.0;99.0;99.0;-1;59.4;59.0;0.9;0.0;0.1;1.1;0.0;0.2;59.0;58.6;58.8;59.4;59.0;59.2;59.4;59.0;59.2;29.86;29.86;0.0;0.0;0.0
IBLUMENA15;America/Sao_Paulo;2020-07-12T10:34:44Z;2020-07-12 07:34:44;1594550084;-26.80653;-49.092304;16.4;0.0;151;99.0;99.0;99.0;-1;59.4;59.2;0.0;0.0;0.0;0.0;0.0;0.0;59.0;58.8;58.9;59.4;59.2;59.3;59.4;59.2;59.3;29.86;29.85;0.04;0.0;0.0
IBLUMENA15;America/Sao_Paulo;2020-07-12T10:39:48Z;2020-07-12 07:39:48;1594550388;-26.80653;-49.092304;17.7;0.0;143;99.0;99.0;99.0;-1;59.4;59.2;1.1;0.0;0.6;1.1;0.0;0.8;59.0;58.8;58.8;59.4;59.2;59.2;59.4;59.2;59.2;29.86;29.85;0.04;0.0;0.0
IBLUMENA15;America/Sao_Paulo;2020-07-12T10:44:52Z;2020-07-12 07:44:52;1594550692;-26.80653;-49.092304;22.9;0.0;138;99.0;99.0;99.0;-1;59.2;59.0;1.3;0.0;0.6;2.2;0.0;1.0;58.8;58.6;58.7;59.2;59.0;59.1;59.2;59.0;59.1;29.86;29.85;-0.11;0.0;0.0
IBLUMENA15;America/Sao_Paulo;2020-07-12T10:49:56Z;2020-07-12 07:49:56;1594550996;-26.80653;-49.092304;28.1;0.0;138;99.0;99.0;99.0;-1;59.5;59.2;0.7;0.0;0.1;1.1;0.0;0.5;59.2;58.8;59.0;59.5;59.2;59.4;59.5;59.2;59.4;29.86;29.85;0.04;0.0;0.0
IBLUMENA15;America/Sao_Paulo;2020-07-12T10:54:44Z;2020-07-12 07:54:44;1594551284;-26.80653;-49.092304;32.9;0.0;138;99.0;99.0;99.0;-1;60.1;59.5;0.0;0.0;0.0;0.0;0.0;0.0;59.7;59.2;59.5;60.1;59.5;59.8;60.1;59.5;59.8;29.86;29.86;0.0;0.0;0.0
IBLUMENA15;America/Sao_Paulo;2020-07-12T10:59:48Z;2020-07-12 07:59:48;1594551588;-26.80653;-49.092304;37.2;0.0;138;99.0;99.0;99.0;-1;60.6;60.1;0.2;0.0;0.0;1.1;0.0;0.0;60.3;59.7;60.0;60.6;60.1;60.3;60.6;60.1;60.3;29.86;29.86;0.0;0.0;0.0
IBLUMENA15;America/Sao_Paulo;2020-07-12T11:04:52Z;2020-07-12 08:04:52;1594551892;-26.80653;-49.092304;43.3;0.0;140;99.0;99.0;99.0;-1;60.8;60.6;0.0;0.0;0.0;0.0;0.0;0.0;60.4;60.3;60.3;60.8;60.6;60.7;60.8;60.6;60.7;29.86;29.86;0.08;0.0;0.0
IBLUMENA15;America/Sao_Paulo;2020-07-12T11:09:56Z;2020-07-12 08:09:56;1594552196;-26.80653;-49.092304;49.8;0.0;172;99.0;98.0;98.4;-1;61.3;61.0;2.0;0.0;1.1;2.2;0.0;1.5;60.8;60.4;60.6;61.3;61.0;61.1;61.3;61.0;61.1;29.87;29.86;0.1;0.0;0.0
IBLUMENA15;America/Sao_Paulo;2020-07-12T11:14:44Z;2020-07-12 08:14:44;1594552484;-26.80653;-49.092304;53.7;0.0;172;98.0;97.0;97.1;-1;61.7;61.3;1.8;0.0;0.8;2.2;0.0;1.2;61.0;60.6;60.7;61.7;61.3;61.4;61.7;61.3;61.4;29.87;29.86;-0.08;0.0;0.0
IBLUMENA15;America/Sao_Paulo;2020-07-12T11:19:48Z;2020-07-12 08:19:48;1594552788;-26.80653;-49.092304;65.4;0.0;163;97.0;95.0;96.2;-1;62.6;61.7;0.2;0.0;0.1;1.1;0.0;0.3;61.5;60.8;61.2;62.6;61.7;62.2;62.6;61.7;62.2;29.87;29.86;0.11;0.0;0.0
IBLUMENA15;America/Sao_Paulo;2020-07-12T11:24:52Z;2020-07-12 08:24:52;1594553092;-26.80653;-49.092304;72.8;0.0;151;95.0;93.0;93.6;-1;63.9;62.8;1.1;0.0;0.4;1.1;0.0;0.6;61.7;61.2;61.5;63.9;62.8;63.5;63.9;62.8;63.5;29.87;29.87;-0.04;0.0;0.0
IBLUMENA15;America/Sao_Paulo;2020-07-12T11:29:56Z;2020-07-12 08:29:56;1594553396;-26.80653;-49.092304;93.2;0.0;152;95.0;94.0;94.4;-1;63.7;63.0;1.8;0.0;0.9;2.2;0.0;1.4;61.9;61.0;61.4;63.7;63.0;63.2;63.7;63.0;63.2;29.88;29.87;0.11;0.0;0.0
IBLUMENA15;America/Sao_Paulo;2020-07-12T11:34:44Z;2020-07-12 08:34:44;1594553684;-26.80653;-49.092304;109.2;1.0;159;95.0;95.0;95.0;-1;63.0;63.0;1.8;0.2;1.2;2.2;1.1;1.6;61.5;61.5;61.5;63.0;63.0;63.0;63.0;63.0;63.0;29.88;29.88;-0.04;0.0;0.0
IBLUMENA15;America/Sao_Paulo;2020-07-12T11:39:48Z;2020-07-12 08:39:48;1594553988;-26.80653;-49.092304;120.1;1.0;158;95.0;94.0;94.7;-1;63.3;63.0;2.2;0.0;0.7;2.2;0.0;1.0;61.7;61.2;61.4;63.3;63.0;63.1;63.3;63.0;63.1;29.88;29.88;0.04;0.0;0.0
IBLUMENA15;America/Sao_Paulo;2020-07-12T11:44:52Z;2020-07-12 08:44:52;1594554292;-26.80653;-49.092304;179.6;1.0;145;94.0;94.0;94.0;-1;63.5;63.3;1.3;0.0;0.4;2.2;0.0;0.7;61.5;61.3;61.3;63.5;63.3;63.3;63.5;63.3;63.3;29.88;29.87;0.0;0.0;0.0
IBLUMENA15;America/Sao_Paulo;2020-07-12T11:49:56Z;2020-07-12 08:49:56;1594554596;-26.80653;-49.092304;177.4;1.0;145;94.0;93.0;93.5;-1;63.7;63.5;2.2;0.4;1.2;2.2;1.1;1.7;61.7;61.5;61.6;63.7;63.5;63.7;63.7;63.5;63.7;29.88;29.87;-0.04;0.0;0.0
IBLUMENA15;America/Sao_Paulo;2020-07-12T11:54:44Z;2020-07-12 08:54:44;1594554884;-26.80653;-49.092304;170.9;1.0;144;94.0;93.0;93.5;-1;63.9;63.7;2.0;0.0;0.7;2.2;0.0;1.1;61.9;61.5;61.7;63.9;63.7;63.8;63.9;63.7;63.8;29.88;29.87;0.04;0.0;0.0
IBLUMENA15;America/Sao_Paulo;2020-07-12T11:59:48Z;2020-07-12 08:59:48;1594555188;-26.80653;-49.092304;118.8;1.0;150;94.0;93.0;93.3;-1;63.9;63.7;1.6;0.0;0.9;2.2;0.0;1.4;61.7;61.5;61.6;63.9;63.7;63.7;63.9;63.7;63.7;29.89;29.88;0.08;0.0;0.0
IBLUMENA15;America/Sao_Paulo;2020-07-12T12:04:52Z;2020-07-12 09:04:52;1594555492;-26.80653;-49.092304;163.9;1.0;148;94.0;93.0;93.0;-1;63.7;63.5;2.2;0.0;1.1;3.4;0.0;1.6;61.7;61.3;61.5;63.7;63.5;63.7;63.7;63.5;63.7;29.89;29.88;-0.08;0.0;0.0
IBLUMENA15;America/Sao_Paulo;2020-07-12T12:09:56Z;2020-07-12 09:09:56;1594555796;-26.80653;-49.092304;187.3;1.0;154;93.0;91.0;91.8;-1;64.8;63.7;1.8;0.0;0.8;2.2;0.0;1.1;62.1;61.5;61.8;64.8;63.7;64.2;64.8;63.7;64.2;29.89;29.88;0.08;0.0;0.0
IBLUMENA15;America/Sao_Paulo;2020-07-12T12:14:44Z;2020-07-12 09:14:44;1594556084;-26.80653;-49.092304;208.2;2.0;150;92.0;91.0;91.6;-1;64.8;64.6;2.9;0.9;1.7;3.4;1.1;2.2;62.4;62.1;62.2;64.8;64.6;64.7;64.8;64.6;64.7;29.89;29.88;0.0;0.0;0.0
IBLUMENA15;America/Sao_Paulo;2020-07-12T12:19:48Z;2020-07-12 09:19:48;1594556388;-26.80653;-49.092304;222.0;2.0;163;92.0;89.0;90.7;-1;65.5;64.6;2.5;0.4;1.4;3.4;1.1;1.8;62.8;61.9;62.3;65.5;64.6;65.1;65.5;64.6;65.1;29.89;29.89;0.04;0.0;0.0
IBLUMENA15;America/Sao_Paulo;2020-07-12T12:24:52Z;2020-07-12 09:24:52;1594556692;-26.80653;-49.092304;228.1;2.0;154;91.0;89.0;89.6;-1;65.7;65.3;2.2;0.0;1.0;2.2;0.0;1.6;62.8;62.1;62.3;65.7;65.3;65.5;65.7;65.3;65.5;29.89;29.89;0.0;0.0;0.0
IBLUMENA15;America/Sao_Paulo;2020-07-12T12:29:56Z;2020-07-12 09:29:56;1594556996;-26.80653;-49.092304;129.2;1.0;144;89.0;87.0;88.2;-1;66.4;65.7;2.2;0.0;0.9;2.2;0.0;1.3;62.6;61.9;62.4;66.4;65.7;66.1;66.4;65.7;66.1;29.89;29.88;-0.08;0.0;0.0
IBLUMENA15;America/Sao_Paulo;2020-07-12T12:34:44Z;2020-07-12 09:34:44;1594557284;-26.80653;-49.092304;81.1;0.0;113;88.0;87.0;87.5;-1;66.9;66.2;2.7;0.0;0.8;3.4;0.0;1.2;63.1;62.2;62.7;66.9;66.2;66.6;66.9;66.2;66.6;29.88;29.88;0.0;0.0;0.0
IBLUMENA15;America/Sao_Paulo;2020-07-12T12:39:48Z;2020-07-12 09:39:48;1594557588;-26.80653;-49.092304;68.5;0.0;118;90.0;89.0;89.4;-1;66.7;65.5;2.9;0.0;1.1;3.4;0.0;1.5;63.3;62.1;62.5;66.7;65.5;65.8;66.7;65.5;65.8;29.88;29.87;-0.11;0.0;0.0
IBLUMENA15;America/Sao_Paulo;2020-07-12T12:44:52Z;2020-07-12 09:44:52;1594557892;-26.80653;-49.092304;68.9;0.0;140;89.0;88.0;88.8;-1;66.4;66.0;2.5;0.0;0.9;3.4;0.0;1.2;63.0;62.4;62.8;66.4;66.0;66.2;66.4;66.0;66.2;29.88;29.87;0.08;0.0;0.0
IBLUMENA15;America/Sao_Paulo;2020-07-12T12:49:56Z;2020-07-12 09:49:56;1594558196;-26.80653;-49.092304;69.7;0.0;153;90.0;89.0;89.2;-1;66.2;65.7;2.9;0.0;0.9;3.4;0.0;1.3;63.0;62.2;62.5;66.2;65.7;65.8;66.2;65.7;65.8;29.88;29.88;-0.04;0.0;0.0
IBLUMENA15;America/Sao_Paulo;2020-07-12T12:54:44Z;2020-07-12 09:54:44;1594558484;-26.80653;-49.092304;70.2;0.0;166;89.0;88.0;88.6;-1;66.4;65.8;3.1;0.0;1.3;4.5;0.0;1.6;63.0;62.2;62.6;66.4;65.8;66.2;66.4;65.8;66.2;29.88;29.87;-0.04;0.0;0.0
IBLUMENA15;America/Sao_Paulo;2020-07-12T12:59:48Z;2020-07-12 09:59:48;1594558788;-26.80653;-49.092304;72.8;0.0;152;90.0;88.0;88.9;-1;66.4;65.8;2.2;0.0;1.0;3.4;0.0;1.6;63.0;62.4;62.5;66.4;65.8;66.0;66.4;65.8;66.0;29.88;29.87;0.04;0.0;0.0
IBLUMENA15;America/Sao_Paulo;2020-07-12T13:04:52Z;2020-07-12 10:04:52;1594559092;-26.80653;-49.092304;75.5;0.0;170;88.0;86.0;87.5;-1;66.9;66.2;2.2;0.4;1.3;3.4;1.1;1.6;63.0;62.4;62.8;66.9;66.2;66.7;66.9;66.2;66.7;29.89;29.88;0.0;0.0;0.0
IBLUMENA15;America/Sao_Paulo;2020-07-12T13:09:56Z;2020-07-12 10:09:56;1594559396;-26.80653;-49.092304;108.9;1.0;135;88.0;86.0;87.5;-1;67.1;66.7;3.4;0.0;1.4;3.4;0.0;2.0;63.1;62.8;63.0;67.1;66.7;66.8;67.1;66.7;66.8;29.88;29.87;0.0;0.0;0.0
IBLUMENA15;America/Sao_Paulo;2020-07-12T13:14:44Z;2020-07-12 10:14:44;1594559684;-26.80653;-49.092304;117.1;1.0;143;88.0;87.0;87.3;-1;67.1;66.6;3.4;0.0;1.8;4.5;0.0;2.5;63.3;62.6;63.0;67.1;66.6;66.9;67.1;66.6;66.9;29.88;29.87;0.08;0.0;0.0
IBLUMENA15;America/Sao_Paulo;2020-07-12T13:19:48Z;2020-07-12 10:19:48;1594559988;-26.80653;-49.092304;97.1;0.0;173;88.0;86.0;86.7;-1;67.5;66.6;3.1;0.0;1.4;3.4;0.0;2.0;63.3;62.6;62.9;67.5;66.6;67.0;67.5;66.6;67.0;29.89;29.88;0.04;0.0;0.0
IBLUMENA15;America/Sao_Paulo;2020-07-12T13:24:52Z;2020-07-12 10:24:52;1594560292;-26.80653;-49.092304;109.2;1.0;147;87.0;86.0;86.6;-1;67.6;67.3;2.5;0.0;1.4;3.4;0.0;1.9;63.5;63.0;63.3;67.6;67.3;67.4;67.6;67.3;67.4;29.89;29.88;0.0;0.0;0.0
IBLUMENA15;America/Sao_Paulo;2020-07-12T13:29:56Z;2020-07-12 10:29:56;1594560596;-26.80653;-49.092304;117.9;1.0;145;86.0;85.0;85.8;-1;68.0;67.8;3.6;0.7;1.7;4.5;1.1;2.5;63.7;63.1;63.5;68.0;67.8;67.8;68.0;67.8;67.8;29.89;29.88;-0.11;0.0;0.0
IBLUMENA15;America/Sao_Paulo;2020-07-12T13:34:44Z;2020-07-12 10:34:44;1594560884;-26.80653;-49.092304;102.8;1.0;156;86.0;85.0;85.7;-1;68.0;67.6;3.8;0.0;1.8;4.5;0.0;2.2;63.7;63.0;63.4;68.0;67.6;67.8;68.0;67.6;67.8;29.88;29.88;0.04;0.0;0.0
IBLUMENA15;America/Sao_Paulo;2020-07-12T13:39:48Z;2020-07-12 10:39:48;1594561188;-26.80653;-49.092304;111.4;1.0;151;86.0;85.0;85.0;-1;68.4;68.0;4.5;1.1;2.4;5.8;1.1;3.1;63.9;63.3;63.6;68.4;68.0;68.2;68.4;68.0;68.2;29.88;29.88;-0.04;0.0;0.0
IBLUMENA15;America/Sao_Paulo;2020-07-12T13:44:52Z;2020-07-12 10:44:52;1594561492;-26.80653;-49.092304;144.9;1.0;131;85.0;82.0;83.9;-1;69.6;68.2;2.5;0.0;0.9;3.4;0.0;1.3;64.2;63.0;63.5;69.6;68.2;68.6;69.6;68.2;68.6;29.88;29.87;-0.08;0.0;0.0
IBLUMENA15;America/Sao_Paulo;2020-07-12T13:49:56Z;2020-07-12 10:49:56;1594561796;-26.80653;-49.092304;100.6;1.0;150;83.0;81.0;82.3;-1;70.0;69.4;2.2;0.0;0.9;2.2;0.0;1.4;64.2;63.7;64.1;70.0;69.4;69.8;70.6;69.4;70.0;29.88;29.87;0.08;0.0;0.0
IBLUMENA15;America/Sao_Paulo;2020-07-12T13:54:44Z;2020-07-12 10:54:44;1594562084;-26.80653;-49.092304;215.9;2.0;154;82.0;81.0;81.6;-1;69.8;69.4;2.2;0.0;1.2;3.4;0.0;1.5;64.0;63.3;63.7;69.8;69.4;69.6;69.8;69.4;69.6;29.88;29.87;-0.04;0.0;0.0
IBLUMENA15;America/Sao_Paulo;2020-07-12T13:59:48Z;2020-07-12 10:59:48;1594562388;-26.80653;-49.092304;236.0;2.0;160;82.0;79.0;80.6;-1;70.3;69.6;1.8;0.0;0.5;2.2;0.0;0.8;63.9;63.1;63.6;70.3;69.6;69.9;70.8;69.6;70.0;29.88;29.87;-0.08;0.0;0.0
IBLUMENA15;America/Sao_Paulo;2020-07-12T14:04:52Z;2020-07-12 11:04:52;1594562692;-26.80653;-49.092304;285.8;2.0;161;81.0;78.0;79.1;-1;70.5;70.3;2.2;0.0;1.0;2.2;0.0;1.1;64.2;63.1;63.5;70.5;70.3;70.3;71.0;70.7;70.8;29.87;29.87;0.08;0.0;0.0
IBLUMENA15;America/Sao_Paulo;2020-07-12T14:09:56Z;2020-07-12 11:09:56;1594562996;-26.80653;-49.092304;255.1;2.0;150;79.0;76.0;77.0;-1;72.0;70.5;1.1;0.0;0.5;1.1;0.0;0.8;64.8;63.5;63.9;72.0;70.5;71.5;72.6;71.0;72.0;29.88;29.87;-0.08;0.0;0.0
IBLUMENA15;America/Sao_Paulo;2020-07-12T14:14:44Z;2020-07-12 11:14:44;1594563284;-26.80653;-49.092304;206.9;2.0;141;79.0;77.0;78.0;-1;72.0;71.6;2.2;0.0;0.9;2.2;0.0;1.3;64.9;64.0;64.6;72.0;71.6;71.8;72.6;72.1;72.4;29.87;29.86;-0.07;0.0;0.0
IBLUMENA15;America/Sao_Paulo;2020-07-12T14:19:48Z;2020-07-12 11:19:48;1594563588;-26.80653;-49.092304;122.7;1.0;142;78.0;77.0;77.7;-1;72.0;71.4;2.7;0.7;1.6;3.4;1.1;2.0;64.8;63.9;64.3;72.0;71.4;71.6;72.6;71.9;72.2;29.87;29.86;0.03;0.0;0.0
IBLUMENA15;America/Sao_Paulo;2020-07-12T14:24:52Z;2020-07-12 11:24:52;1594563892;-26.80653;-49.092304;397.4;3.0;164;79.0;77.0;78.2;-1;71.6;71.2;3.8;0.0;1.5;4.5;0.0;2.0;64.8;63.7;64.2;71.6;71.2;71.4;72.2;71.6;71.9;29.87;29.86;0.0;0.0;0.0
IBLUMENA15;America/Sao_Paulo;2020-07-12T14:29:56Z;2020-07-12 11:29:56;1594564196;-26.80653;-49.092304;538.8;5.0;157;77.0;76.0;76.5;-1;72.3;71.4;3.8;0.0;1.4;4.5;0.0;2.1;64.8;63.9;64.4;72.3;71.4;72.1;72.8;71.9;72.6;29.87;29.86;0.04;0.0;0.0
IBLUMENA15;America/Sao_Paulo;2020-07-12T14:34:44Z;2020-07-12 11:34:44;1594564484;-26.80653;-49.092304;575.6;5.0;145;77.0;75.0;75.9;-1;72.7;72.3;3.4;0.2;1.7;3.4;1.1;2.3;65.1;64.2;64.6;72.7;72.3;72.6;73.3;72.8;73.1;29.88;29.87;0.12;0.0;0.0
IBLUMENA15;America/Sao_Paulo;2020-07-12T14:39:48Z;2020-07-12 11:39:48;1594564788;-26.80653;-49.092304;582.6;5.0;126;77.0;73.0;75.0;-1;74.7;72.5;1.8;0.2;1.1;2.2;1.1;1.5;65.7;64.4;64.9;74.7;72.5;73.3;75.3;73.0;73.8;29.88;29.86;-0.18;0.0;0.0
IBLUMENA15;America/Sao_Paulo;2020-07-12T14:44:52Z;2020-07-12 11:44:52;1594565092;-26.80653;-49.092304;338.3;3.0;108;77.0;73.0;74.7;-1;74.8;73.0;2.9;0.4;2.0;3.4;1.1;2.7;66.6;64.9;65.6;74.8;73.0;74.1;75.5;73.6;74.7;29.87;29.86;-0.04;0.0;0.0
IBLUMENA15;America/Sao_Paulo;2020-07-12T14:49:56Z;2020-07-12 11:49:56;1594565396;-26.80653;-49.092304;553.5;5.0;139;77.0;74.0;75.2;-1;73.6;73.0;1.6;0.0;0.6;2.2;0.0;1.0;65.3;64.6;65.0;73.6;73.0;73.3;74.2;73.5;73.9;29.86;29.86;-0.04;0.0;0.0
IBLUMENA15;America/Sao_Paulo;2020-07-12T14:54:44Z;2020-07-12 11:54:44;1594565684;-26.80653;-49.092304;576.5;5.0;159;74.0;71.0;72.7;-1;74.7;73.6;2.0;0.0;0.6;2.2;0.0;0.9;65.5;64.8;64.9;74.7;73.6;74.3;75.3;74.1;74.8;29.86;29.85;-0.04;0.0;0.0
IBLUMENA15;America/Sao_Paulo;2020-07-12T14:59:48Z;2020-07-12 11:59:48;1594565988;-26.80653;-49.092304;589.0;5.0;166;72.0;69.0;70.4;-1;76.5;74.8;1.3;0.0;0.5;2.2;0.0;0.9;66.4;64.9;65.7;76.5;74.8;76.0;77.2;75.3;76.6;29.86;29.85;-0.08;0.0;0.0
IBLUMENA15;America/Sao_Paulo;2020-07-12T15:04:52Z;2020-07-12 12:04:52;1594566292;-26.80653;-49.092304;252.4;2.0;164;74.0;70.0;72.0;-1;76.5;74.5;2.2;0.7;1.6;3.4;1.1;2.0;66.2;65.1;65.8;76.5;74.5;75.5;77.1;75.1;76.1;29.85;29.84;0.08;0.0;0.0
IBLUMENA15;America/Sao_Paulo;2020-07-12T15:09:56Z;2020-07-12 12:09:56;1594566596;-26.80653;-49.092304;238.9;2.0;154;74.0;72.0;73.0;-1;74.5;74.1;2.2;0.0;0.9;2.2;0.0;1.1;65.7;64.9;65.2;74.5;74.1;74.4;75.1;74.6;75.0;29.85;29.85;-0.04;0.0;0.0
IBLUMENA15;America/Sao_Paulo;2020-07-12T15:14:44Z;2020-07-12 12:14:44;1594566884;-26.80653;-49.092304;534.4;5.0;160;73.0;73.0;73.0;-1;74.5;74.1;1.8;0.2;0.9;2.2;1.1;1.2;65.3;64.9;65.2;74.5;74.1;74.4;75.1;74.6;75.0;29.85;29.84;-0.04;0.0;0.0
IBLUMENA15;America/Sao_Paulo;2020-07-12T15:19:48Z;2020-07-12 12:19:48;1594567188;-26.80653;-49.092304;570.5;5.0;178;74.0;73.0;73.0;-1;74.7;74.1;3.8;0.0;1.6;4.5;0.0;2.2;65.8;64.9;65.2;74.7;74.1;74.4;75.3;74.6;75.0;29.85;29.84;0.0;0.0;0.0
IBLUMENA15;America/Sao_Paulo;2020-07-12T15:24:52Z;2020-07-12 12:24:52;1594567492;-26.80653;-49.092304;527.5;5.0;177;74.0;72.0;73.4;-1;75.0;74.5;4.0;0.9;2.6;4.5;1.1;3.4;65.8;65.3;65.6;75.0;74.5;74.7;75.6;75.1;75.3;29.85;29.84;-0.08;0.0;0.0
IBLUMENA15;America/Sao_Paulo;2020-07-12T15:29:56Z;2020-07-12 12:29:56;1594567796;-26.80653;-49.092304;579.5;5.0;182;73.0;71.0;72.3;-1;75.2;75.0;3.8;0.7;2.1;4.5;1.1;2.7;66.0;65.1;65.6;75.2;75.0;75.1;75.9;75.6;75.7;29.84;29.84;-0.04;0.0;0.0
IBLUMENA15;America/Sao_Paulo;2020-07-12T15:34:44Z;2020-07-12 12:34:44;1594568084;-26.80653;-49.092304;590.8;5.0;162;73.0;71.0;71.9;-1;75.6;75.0;3.6;0.4;1.8;4.5;1.1;2.3;66.4;64.9;65.5;75.6;75.0;75.3;76.3;75.5;75.9;29.84;29.83;-0.08;0.0;0.0
IBLUMENA15;America/Sao_Paulo;2020-07-12T15:39:48Z;2020-07-12 12:39:48;1594568388;-26.80653;-49.092304;597.7;5.0;182;73.0;71.0;71.8;-1;75.4;75.2;3.1;1.1;2.1;3.4;1.1;2.6;66.2;65.1;65.6;75.4;75.2;75.4;76.1;75.8;76.0;29.84;29.83;0.04;0.0;0.0
IBLUMENA15;America/Sao_Paulo;2020-07-12T15:44:52Z;2020-07-12 12:44:52;1594568692;-26.80653;-49.092304;588.2;5.0;186;72.0;69.0;70.9;-1;75.6;75.2;3.4;0.0;1.6;3.4;0.0;1.9;65.5;64.8;65.3;75.6;75.2;75.4;76.2;75.8;76.0;29.84;29.83;-0.11;0.0;0.0
IBLUMENA15;America/Sao_Paulo;2020-07-12T15:49:56Z;2020-07-12 12:49:56;1594568996;-26.80653;-49.092304;576.5;5.0;142;70.0;69.0;69.6;-1;76.3;75.6;3.4;0.0;1.4;4.5;0.0;1.9;65.8;64.8;65.5;76.3;75.6;76.1;76.9;76.1;76.7;29.83;29.82;-0.04;0.0;0.0
IBLUMENA15;America/Sao_Paulo;2020-07-12T15:54:44Z;2020-07-12 12:54:44;1594569284;-26.80653;-49.092304;581.7;5.0;139;71.0;70.0;70.1;-1;76.3;76.3;2.2;0.4;1.3;3.4;1.1;2.0;66.2;65.8;65.9;76.3;76.3;76.3;77.0;76.9;76.9;29.82;29.82;0.0;0.0;0.0
IBLUMENA15;America/Sao_Paulo;2020-07-12T15:59:48Z;2020-07-12 12:59:48;1594569588;-26.80653;-49.092304;409.9;4.0;176;71.0;70.0;70.5;-1;76.5;75.7;2.7;0.2;1.6;3.4;1.1;2.3;66.2;65.3;65.9;76.5;75.7;76.2;77.1;76.3;76.8;29.82;29.81;-0.08;0.0;0.0
IBLUMENA15;America/Sao_Paulo;2020-07-12T16:04:52Z;2020-07-12 13:04:52;1594569892;-26.80653;-49.092304;631.1;6.0;167;71.0;68.0;69.5;-1;76.3;75.7;2.5;0.2;1.2;3.4;1.1;1.6;66.2;64.9;65.4;76.3;75.7;76.1;77.0;76.2;76.6;29.82;29.81;-0.04;0.0;0.0
IBLUMENA15;America/Sao_Paulo;2020-07-12T16:09:56Z;2020-07-12 13:09:56;1594570196;-26.80653;-49.092304;644.1;6.0;175;71.0;69.0;69.8;-1;77.0;76.3;3.1;0.7;2.1;4.5;1.1;2.7;66.4;65.5;65.9;77.0;76.3;76.5;77.6;76.9;77.1;29.82;29.81;0.0;0.0;0.0
IBLUMENA15;America/Sao_Paulo;2020-07-12T16:14:44Z;2020-07-12 13:14:44;1594570484;-26.80653;-49.092304;683.2;6.0;168;71.0;67.0;69.0;-1;77.7;76.8;3.1;0.2;1.8;4.5;1.1;2.7;66.9;65.7;66.2;77.7;76.8;77.1;78.4;77.4;77.7;29.81;29.81;-0.12;0.0;0.0
IBLUMENA15;America/Sao_Paulo;2020-07-12T16:19:48Z;2020-07-12 13:19:48;1594570788;-26.80653;-49.092304;662.8;6.0;179;68.0;66.0;66.9;-1;77.9;77.7;3.4;0.2;1.6;4.5;1.1;2.3;66.6;65.5;66.0;77.9;77.7;77.9;78.6;78.3;78.5;29.81;29.8;-0.04;0.0;0.0
IBLUMENA15;America/Sao_Paulo;2020-07-12T16:24:52Z;2020-07-12 13:24:52;1594571092;-26.80653;-49.092304;538.8;5.0;178;69.0;67.0;67.9;-1;77.9;77.5;3.8;0.7;2.5;5.8;1.1;3.1;66.7;65.8;66.3;77.9;77.5;77.7;78.6;78.1;78.4;29.81;29.8;0.04;0.0;0.0
IBLUMENA15;America/Sao_Paulo;2020-07-12T16:29:56Z;2020-07-12 13:29:56;1594571396;-26.80653;-49.092304;449.3;4.0;148;69.0;67.0;67.7;-1;77.5;77.4;2.9;0.0;1.6;4.5;0.0;2.3;66.4;65.5;65.9;77.5;77.4;77.4;78.1;78.0;78.1;29.81;29.79;-0.14;0.0;0.0
IBLUMENA15;America/Sao_Paulo;2020-07-12T16:34:44Z;2020-07-12 13:34:44;1594571684;-26.80653;-49.092304;448.1;4.0;156;68.0;66.0;67.1;-1;77.9;77.5;4.3;0.4;1.5;5.8;1.1;1.9;66.6;65.3;65.9;77.9;77.5;77.7;78.6;78.1;78.4;29.79;29.79;-0.04;0.0;0.0
IBLUMENA15;America/Sao_Paulo;2020-07-12T16:39:48Z;2020-07-12 13:39:48;1594571988;-26.80653;-49.092304;430.7;4.0;157;68.0;66.0;67.3;-1;77.9;77.7;3.4;0.7;1.7;3.4;1.1;2.3;66.6;65.5;66.1;77.9;77.7;77.8;78.6;78.3;78.5;29.79;29.79;-0.08;0.0;0.0
IBLUMENA15;America/Sao_Paulo;2020-07-12T16:44:52Z;2020-07-12 13:44:52;1594572292;-26.80653;-49.092304;412.5;4.0;171;67.0;65.0;65.8;-1;78.4;77.7;2.9;0.2;1.1;3.4;1.1;1.7;66.0;65.5;65.6;78.4;77.7;77.9;79.0;78.3;78.5;29.79;29.78;0.0;0.0;0.0
IBLUMENA15;America/Sao_Paulo;2020-07-12T16:49:56Z;2020-07-12 13:49:56;1594572596;-26.80653;-49.092304;403.8;3.0;152;67.0;65.0;65.8;-1;78.4;78.3;3.4;0.2;1.4;3.4;1.1;2.0;66.6;65.7;66.1;78.4;78.3;78.4;79.1;78.9;79.0;29.79;29.78;0.08;0.0;0.0
IBLUMENA15;America/Sao_Paulo;2020-07-12T16:54:44Z;2020-07-12 13:54:44;1594572884;-26.80653;-49.092304;400.4;3.0;158;66.0;65.0;65.8;-1;78.6;78.6;2.5;0.0;1.3;3.4;0.0;1.6;66.4;65.8;66.3;78.6;78.6;78.6;79.3;79.2;79.3;29.79;29.78;-0.12;0.0;0.0
IBLUMENA15;America/Sao_Paulo;2020-07-12T16:59:48Z;2020-07-12 13:59:48;1594573188;-26.80653;-49.092304;398.2;3.0;160;67.0;65.0;65.4;-1;78.8;78.4;2.9;0.2;1.7;3.4;1.1;2.2;66.7;65.7;66.0;78.8;78.4;78.6;79.5;79.0;79.2;29.78;29.77;-0.15;0.0;0.0
IBLUMENA15;America/Sao_Paulo;2020-07-12T17:04:52Z;2020-07-12 14:04:52;1594573492;-26.80653;-49.092304;391.2;3.0;166;65.0;64.0;64.5;-1;79.0;78.4;2.2;0.2;1.3;2.2;1.1;1.7;66.2;65.3;65.8;79.0;78.4;78.7;79.7;78.9;79.3;29.78;29.77;0.08;0.0;0.0
IBLUMENA15;America/Sao_Paulo;2020-07-12T17:09:56Z;2020-07-12 14:09:56;1594573796;-26.80653;-49.092304;384.7;3.0;194;65.0;63.0;64.6;-1;79.0;79.0;4.3;0.9;2.6;4.5;1.1;3.1;66.2;65.3;66.0;79.0;79.0;79.0;79.7;79.6;79.6;29.78;29.78;0.04;0.0;0.0
IBLUMENA15;America/Sao_Paulo;2020-07-12T17:14:44Z;2020-07-12 14:14:44;1594574084;-26.80653;-49.092304;374.7;3.0;207;66.0;63.0;64.6;-1;79.2;78.8;4.9;1.6;2.9;5.8;2.2;3.4;66.6;65.5;66.0;79.2;78.8;79.0;79.8;79.4;79.6;29.78;29.77;-0.12;0.0;0.0
IBLUMENA15;America/Sao_Paulo;2020-07-12T17:19:48Z;2020-07-12 14:19:48;1594574388;-26.80653;-49.092304;377.8;3.0;217;67.0;64.0;65.5;-1;79.5;78.8;4.9;1.3;2.9;5.8;2.2;3.7;67.1;65.7;66.6;79.5;78.8;79.2;81.8;79.4;80.4;29.78;29.77;0.0;0.0;0.0
IBLUMENA15;America/Sao_Paulo;2020-07-12T17:24:52Z;2020-07-12 14:24:52;1594574692;-26.80653;-49.092304;423.8;4.0;188;68.0;66.0;67.0;-1;79.2;78.8;5.1;1.1;3.1;6.9;1.1;4.1;67.6;66.6;67.1;79.2;78.8;79.0;80.0;79.5;79.7;29.78;29.77;0.08;0.0;0.0
IBLUMENA15;America/Sao_Paulo;2020-07-12T17:29:56Z;2020-07-12 14:29:56;1594574996;-26.80653;-49.092304;453.7;4.0;186;70.0;68.0;69.2;-1;78.8;77.9;5.6;1.3;2.9;5.8;2.2;3.7;67.8;66.9;67.4;78.8;77.9;78.3;79.6;78.7;79.1;29.78;29.77;0.04;0.0;0.0
IBLUMENA15;America/Sao_Paulo;2020-07-12T17:34:44Z;2020-07-12 14:34:44;1594575284;-26.80653;-49.092304;476.3;4.0;188;70.0;68.0;68.8;-1;78.3;77.9;4.5;1.6;3.0;5.8;2.2;4.0;67.3;66.9;67.1;78.3;77.9;78.2;79.1;78.6;78.9;29.78;29.77;-0.12;0.0;0.0
IBLUMENA15;America/Sao_Paulo;2020-07-12T17:39:48Z;2020-07-12 14:39:48;1594575588;-26.80653;-49.092304;434.7;4.0;185;69.0;68.0;68.6;-1;78.6;78.4;4.7;0.9;2.7;5.8;1.1;3.3;67.6;67.1;67.5;78.6;78.4;78.6;79.4;79.1;79.3;29.78;29.77;0.08;0.0;0.0
IBLUMENA15;America/Sao_Paulo;2020-07-12T17:44:52Z;2020-07-12 14:44:52;1594575892;-26.80653;-49.092304;439.4;4.0;157;69.0;67.0;67.9;-1;79.0;78.6;4.3;1.8;3.1;5.8;2.2;4.4;67.8;66.9;67.5;79.0;78.6;78.9;79.8;79.4;79.7;29.78;29.76;-0.08;0.0;0.0
IBLUMENA15;America/Sao_Paulo;2020-07-12T17:49:56Z;2020-07-12 14:49:56;1594576196;-26.80653;-49.092304;357.8;3.0;194;69.0;68.0;68.5;-1;78.8;77.9;3.8;1.3;2.4;4.5;2.2;3.0;67.6;66.7;67.1;78.8;77.9;78.2;79.6;78.6;79.0;29.78;29.77;-0.04;0.0;0.0
IBLUMENA15;America/Sao_Paulo;2020-07-12T17:54:44Z;2020-07-12 14:54:44;1594576484;-26.80653;-49.092304;418.5;4.0;173;69.0;66.0;67.3;-1;79.3;77.9;2.9;0.2;1.2;3.4;1.1;1.7;67.5;66.0;66.8;79.3;77.9;78.5;81.6;78.5;79.2;29.77;29.76;-0.08;0.0;0.0
IBLUMENA15;America/Sao_Paulo;2020-07-12T17:59:48Z;2020-07-12 14:59:48;1594576788;-26.80653;-49.092304;404.2;3.0;174;68.0;66.0;66.9;-1;79.7;79.0;3.1;0.2;2.2;3.4;1.1;2.9;68.0;67.1;67.4;79.7;79.0;79.4;82.2;79.7;81.2;29.77;29.76;0.08;0.0;0.0
IBLUMENA15;America/Sao_Paulo;2020-07-12T18:04:52Z;2020-07-12 15:04:52;1594577092;-26.80653;-49.092304;304.5;2.0;202;68.0;67.0;67.7;-1;79.0;78.3;4.5;2.2;3.0;5.8;2.2;3.7;67.6;66.9;67.2;79.0;78.3;78.7;79.8;79.0;79.5;29.77;29.76;-0.08;0.0;0.0
IBLUMENA15;America/Sao_Paulo;2020-07-12T18:09:56Z;2020-07-12 15:09:56;1594577396;-26.80653;-49.092304;376.1;3.0;176;69.0;67.0;68.1;-1;78.6;78.3;2.9;0.7;1.9;3.4;1.1;2.4;67.3;66.6;67.0;78.6;78.3;78.3;79.4;79.0;79.1;29.77;29.76;0.0;0.0;0.0
IBLUMENA15;America/Sao_Paulo;2020-07-12T18:14:44Z;2020-07-12 15:14:44;1594577684;-26.80653;-49.092304;380.3;3.0;186;68.0;66.0;66.8;-1;79.2;78.6;4.3;0.7;2.1;4.5;1.1;2.8;67.5;66.6;67.1;79.2;78.6;79.0;80.0;79.4;79.8;29.77;29.76;0.04;0.0;0.0
IBLUMENA15;America/Sao_Paulo;2020-07-12T18:19:48Z;2020-07-12 15:19:48;1594577988;-26.80653;-49.092304;323.6;3.0;185;68.0;66.0;66.8;-1;79.0;78.6;4.0;1.3;2.3;4.5;2.2;3.0;67.3;66.4;66.9;79.0;78.6;78.8;79.7;79.3;79.5;29.76;29.76;-0.08;0.0;0.0
IBLUMENA15;America/Sao_Paulo;2020-07-12T18:24:52Z;2020-07-12 15:24:52;1594578292;-26.80653;-49.092304;347.8;3.0;167;67.0;65.0;65.7;-1;79.3;78.6;4.5;0.9;2.3;5.8;1.1;3.0;67.1;66.4;66.8;79.3;78.6;79.2;81.5;79.3;80.2;29.76;29.76;-0.04;0.0;0.0
IBLUMENA15;America/Sao_Paulo;2020-07-12T18:29:56Z;2020-07-12 15:29:56;1594578596;-26.80653;-49.092304;330.5;3.0;192;66.0;64.0;65.0;-1;79.3;79.0;3.4;0.9;2.0;3.4;1.1;2.6;66.9;66.0;66.3;79.3;79.0;79.1;80.0;79.7;79.8;29.76;29.75;0.0;0.0;0.0
IBLUMENA15;America/Sao_Paulo;2020-07-12T18:34:44Z;2020-07-12 15:34:44;1594578884;-26.80653;-49.092304;251.1;2.0;158;66.0;65.0;65.7;-1;79.3;79.3;2.5;0.4;1.4;3.4;1.1;2.0;67.1;66.6;66.9;79.3;79.3;79.3;81.5;80.0;81.0;29.76;29.76;0.08;0.0;0.0
IBLUMENA15;America/Sao_Paulo;2020-07-12T18:39:48Z;2020-07-12 15:39:48;1594579188;-26.80653;-49.092304;226.8;2.0;171;68.0;66.0;66.9;-1;79.3;78.6;3.4;0.2;1.8;3.4;1.1;2.5;67.5;66.7;67.1;79.3;78.6;79.0;81.5;79.3;80.1;29.76;29.75;-0.08;0.0;0.0
IBLUMENA15;America/Sao_Paulo;2020-07-12T18:44:52Z;2020-07-12 15:44:52;1594579492;-26.80653;-49.092304;252.4;2.0;180;68.0;67.0;67.1;-1;79.2;78.6;3.8;0.9;2.0;5.8;1.1;2.6;67.5;66.7;67.0;79.2;78.6;78.8;80.0;79.3;79.5;29.76;29.76;0.04;0.0;0.0
IBLUMENA15;America/Sao_Paulo;2020-07-12T18:49:56Z;2020-07-12 15:49:56;1594579796;-26.80653;-49.092304;218.1;2.0;178;67.0;65.0;65.8;-1;79.3;79.2;2.9;0.7;1.7;3.4;1.1;2.3;67.3;66.6;67.0;79.3;79.2;79.3;81.5;79.9;80.8;29.76;29.75;-0.04;0.0;0.0
IBLUMENA15;America/Sao_Paulo;2020-07-12T18:54:44Z;2020-07-12 15:54:44;1594580084;-26.80653;-49.092304;213.0;2.0;138;67.0;64.0;65.5;-1;79.9;79.5;1.6;0.0;0.6;2.2;0.0;1.0;67.6;66.7;67.0;79.9;79.5;79.6;82.2;81.7;81.9;29.76;29.75;0.0;0.0;0.0
IBLUMENA15;America/Sao_Paulo;2020-07-12T18:59:48Z;2020-07-12 15:59:48;1594580388;-26.80653;-49.092304;197.3;1.0;157;65.0;64.0;64.1;-1;81.0;79.9;1.3;0.0;0.5;2.2;0.0;1.1;68.2;66.7;67.4;81.0;79.9;80.5;83.8;82.1;83.0;29.76;29.75;0.11;0.0;0.0
IBLUMENA15;America/Sao_Paulo;2020-07-12T19:04:52Z;2020-07-12 16:04:52;1594580692;-26.80653;-49.092304;196.5;1.0;182;66.0;65.0;65.1;-1;81.0;80.2;2.2;0.0;1.1;2.2;0.0;1.4;68.2;67.5;67.7;81.0;80.2;80.5;83.8;82.6;83.0;29.76;29.75;-0.04;0.0;0.0
IBLUMENA15;America/Sao_Paulo;2020-07-12T19:09:56Z;2020-07-12 16:09:56;1594580996;-26.80653;-49.092304;160.5;1.0;191;67.0;65.0;66.5;-1;80.2;79.5;2.5;1.1;1.6;3.4;1.1;2.3;68.0;67.5;67.6;80.2;79.5;79.8;82.6;81.9;82.2;29.76;29.76;-0.04;0.0;0.0
IBLUMENA15;America/Sao_Paulo;2020-07-12T19:14:44Z;2020-07-12 16:14:44;1594581284;-26.80653;-49.092304;161.4;1.0;204;69.0;68.0;68.3;-1;79.5;79.2;3.4;0.0;1.5;3.4;0.0;1.9;68.5;67.6;67.9;79.5;79.2;79.3;82.1;81.5;81.7;29.76;29.76;0.04;0.0;0.0
IBLUMENA15;America/Sao_Paulo;2020-07-12T19:19:48Z;2020-07-12 16:19:48;1594581588;-26.80653;-49.092304;169.1;1.0;164;69.0;67.0;67.5;-1;80.4;79.2;1.1;0.0;0.5;1.1;0.0;0.8;69.1;67.5;68.2;80.4;79.2;79.8;83.2;81.5;82.4;29.76;29.75;-0.11;0.0;0.0
IBLUMENA15;America/Sao_Paulo;2020-07-12T19:24:52Z;2020-07-12 16:24:52;1594581892;-26.80653;-49.092304;130.9;1.0;165;69.0;67.0;67.6;-1;80.8;80.2;1.1;0.0;0.3;1.1;0.0;0.6;69.3;68.4;68.8;80.8;80.2;80.5;84.0;82.9;83.4;29.77;29.75;0.15;0.0;0.0
IBLUMENA15;America/Sao_Paulo;2020-07-12T19:29:56Z;2020-07-12 16:29:56;1594582196;-26.80653;-49.092304;112.3;1.0;180;72.0;68.0;69.8;-1;80.8;79.7;2.5;0.7;1.4;3.4;1.1;1.8;70.0;69.1;69.5;80.8;79.7;80.2;84.1;82.5;83.3;29.77;29.76;0.08;0.0;0.0
IBLUMENA15;America/Sao_Paulo;2020-07-12T19:34:44Z;2020-07-12 16:34:44;1594582484;-26.80653;-49.092304;55.1;0.0;179;74.0;72.0;73.4;-1;79.7;78.3;4.0;1.1;2.2;4.5;2.2;2.8;70.2;69.3;69.6;79.7;78.3;78.8;82.7;79.3;80.5;29.77;29.76;-0.08;0.0;0.0
IBLUMENA15;America/Sao_Paulo;2020-07-12T19:39:48Z;2020-07-12 16:39:48;1594582788;-26.80653;-49.092304;44.2;0.0;195;76.0;74.0;75.1;-1;78.3;77.4;4.3;0.9;2.3;4.5;1.1;2.9;69.6;69.1;69.4;78.3;77.4;77.8;79.3;78.4;78.8;29.77;29.76;0.0;0.0;0.0
IBLUMENA15;America/Sao_Paulo;2020-07-12T19:44:52Z;2020-07-12 16:44:52;1594583092;-26.80653;-49.092304;39.9;0.0;186;77.0;76.0;76.4;-1;77.4;76.8;3.4;1.3;2.4;3.4;2.2;2.9;69.3;68.9;69.1;77.4;76.8;77.1;78.4;77.8;78.1;29.77;29.76;0.08;0.0;0.0
IBLUMENA15;America/Sao_Paulo;2020-07-12T19:49:56Z;2020-07-12 16:49:56;1594583396;-26.80653;-49.092304;36.0;0.0;190;78.0;77.0;77.3;-1;76.8;76.6;3.4;0.9;2.0;3.4;1.1;2.4;69.4;69.1;69.2;76.8;76.6;76.8;77.8;77.6;77.8;29.77;29.76;0.0;0.0;0.0
IBLUMENA15;America/Sao_Paulo;2020-07-12T19:54:44Z;2020-07-12 16:54:44;1594583684;-26.80653;-49.092304;33.4;0.0;192;79.0;78.0;78.3;-1;76.5;76.1;3.8;1.8;2.4;5.8;2.2;3.1;69.4;68.7;69.1;76.5;76.1;76.3;77.5;77.1;77.3;29.78;29.77;0.08;0.0;0.0
IBLUMENA15;America/Sao_Paulo;2020-07-12T19:59:48Z;2020-07-12 16:59:48;1594583988;-26.80653;-49.092304;28.1;0.0;181;79.0;79.0;79.0;-1;76.1;75.7;2.9;0.4;1.5;4.5;1.1;2.1;69.3;68.9;69.1;76.1;75.7;75.9;77.1;76.7;76.9;29.78;29.77;-0.04;0.0;0.0
IBLUMENA15;America/Sao_Paulo;2020-07-12T20:04:52Z;2020-07-12 17:04:52;1594584292;-26.80653;-49.092304;23.9;0.0;174;80.0;79.0;79.5;-1;75.7;75.6;2.2;0.4;1.2;2.2;1.1;1.6;69.1;68.7;69.0;75.7;75.6;75.7;76.7;76.6;76.7;29.78;29.77;0.0;0.0;0.0
IBLUMENA15;America/Sao_Paulo;2020-07-12T20:09:56Z;2020-07-12 17:09:56;1594584596;-26.80653;-49.092304;22.0;0.0;179;81.0;80.0;80.3;-1;75.6;75.4;2.2;1.1;1.6;2.2;1.1;2.0;69.1;68.9;69.0;75.6;75.4;75.5;76.6;76.4;76.5;29.77;29.77;0.0;0.0;0.0
IBLUMENA15;America/Sao_Paulo;2020-07-12T20:14:44Z;2020-07-12 17:14:44;1594584884;-26.80653;-49.092304;19.9;0.0;194;82.0;81.0;81.4;-1;75.4;74.8;3.1;0.9;2.0;3.4;1.1;2.5;69.1;68.7;68.9;75.4;74.8;75.1;76.4;75.8;76.1;29.78;29.77;0.12;0.0;0.0
IBLUMENA15;America/Sao_Paulo;2020-07-12T20:19:48Z;2020-07-12 17:19:48;1594585188;-26.80653;-49.092304;18.1;0.0;203;83.0;82.0;82.8;-1;74.8;74.3;3.1;1.1;2.1;3.4;1.1;2.6;69.4;68.9;69.0;74.8;74.3;74.5;75.9;75.3;75.6;29.79;29.78;0.04;0.0;0.0
IBLUMENA15;America/Sao_Paulo;2020-07-12T20:24:52Z;2020-07-12 17:24:52;1594585492;-26.80653;-49.092304;13.3;0.0;203;85.0;84.0;84.1;-1;74.3;73.8;3.6;1.1;2.4;4.5;1.1;2.8;69.3;68.7;69.0;74.3;73.8;74.0;75.4;74.8;75.0;29.79;29.78;-0.04;0.0;0.0
IBLUMENA15;America/Sao_Paulo;2020-07-12T20:29:56Z;2020-07-12 17:29:56;1594585796;-26.80653;-49.092304;9.1;0.0;188;85.0;84.0;84.8;-1;73.8;73.4;2.9;0.9;1.8;3.4;1.1;2.3;68.9;68.5;68.7;73.8;73.4;73.6;74.9;74.4;74.7;29.79;29.78;0.08;0.0;0.0
IBLUMENA15;America/Sao_Paulo;2020-07-12T20:34:44Z;2020-07-12 17:34:44;1594586084;-26.80653;-49.092304;6.0;0.0;189;85.0;85.0;85.0;-1;73.4;73.0;2.2;1.3;1.8;2.2;2.2;2.2;68.7;68.4;68.6;73.4;73.0;73.3;74.4;74.0;74.3;29.79;29.78;-0.08;0.0;0.0
IBLUMENA15;America/Sao_Paulo;2020-07-12T20:39:48Z;2020-07-12 17:39:48;1594586388;-26.80653;-49.092304;3.4;0.0;179;86.0;85.0;85.5;-1;73.0;72.9;2.2;0.9;1.4;2.2;1.1;1.9;68.5;68.4;68.4;73.0;72.9;73.0;74.0;73.9;74.0;29.79;29.78;0.0;0.0;0.0
IBLUMENA15;America/Sao_Paulo;2020-07-12T20:44:52Z;2020-07-12 17:44:52;1594586692;-26.80653;-49.092304;1.2;0.0;189;86.0;86.0;86.0;-1;72.9;72.7;2.5;0.7;1.7;3.4;1.1;2.1;68.4;68.4;68.4;72.9;72.7;72.8;73.9;73.7;73.8;29.79;29.78;0.08;0.0;0.0
IBLUMENA15;America/Sao_Paulo;2020-07-12T20:49:56Z;2020-07-12 17:49:56;1594586996;-26.80653;-49.092304;0.4;0.0;189;87.0;86.0;86.2;-1;72.7;72.3;2.5;1.1;1.7;3.4;1.1;2.2;68.4;68.0;68.2;72.7;72.3;72.5;73.7;73.3;73.5;29.79;29.79;0.0;0.0;0.0
IBLUMENA15;America/Sao_Paulo;2020-07-12T20:54:44Z;2020-07-12 17:54:44;1594587284;-26.80653;-49.092304;0.0;0.0;186;88.0;87.0;87.0;-1;72.3;72.0;2.2;1.1;1.8;2.2;1.1;2.2;68.4;68.0;68.2;72.3;72.0;72.2;73.3;73.0;73.2;29.8;29.79;0.12;0.0;0.0
IBLUMENA15;America/Sao_Paulo;2020-07-12T20:59:48Z;2020-07-12 17:59:48;1594587588;-26.80653;-49.092304;0.0;0.0;177;87.0;87.0;87.0;-1;72.0;72.0;2.2;0.9;1.3;2.2;1.1;1.7;68.0;68.0;68.0;72.0;72.0;72.0;73.0;73.0;73.0;29.8;29.79;0.03;0.0;0.0
IBLUMENA15;America/Sao_Paulo;2020-07-12T21:04:52Z;2020-07-12 18:04:52;1594587892;-26.80653;-49.092304;0.0;0.0;177;88.0;87.0;87.5;-1;72.0;71.8;2.2;0.7;1.4;2.2;1.1;1.9;68.0;67.8;67.9;72.0;71.8;71.8;73.0;72.8;72.8;29.8;29.8;0.0;0.0;0.0
IBLUMENA15;America/Sao_Paulo;2020-07-12T21:09:56Z;2020-07-12 18:09:56;1594588196;-26.80653;-49.092304;0.0;0.0;177;89.0;88.0;88.1;-1;71.8;71.4;2.0;0.9;1.4;2.2;1.1;1.7;68.0;67.6;67.8;71.8;71.4;71.5;72.8;72.4;72.5;29.8;29.79;-0.03;0.0;0.0
IBLUMENA15;America/Sao_Paulo;2020-07-12T21:14:44Z;2020-07-12 18:14:44;1594588484;-26.80653;-49.092304;0.0;0.0;178;89.0;88.0;89.0;-1;71.4;71.2;2.2;0.4;1.3;2.2;1.1;1.6;68.0;67.6;67.8;71.4;71.2;71.2;72.4;72.2;72.2;29.8;29.8;0.0;0.0;0.0
IBLUMENA15;America/Sao_Paulo;2020-07-12T21:19:48Z;2020-07-12 18:19:48;1594588788;-26.80653;-49.092304;0.0;0.0;170;90.0;89.0;89.5;-1;71.2;70.9;1.8;0.4;1.1;2.2;1.1;1.4;68.0;67.6;67.8;71.2;70.9;71.1;72.2;71.9;72.1;29.81;29.8;0.14;0.0;0.0
IBLUMENA15;America/Sao_Paulo;2020-07-12T21:24:52Z;2020-07-12 18:24:52;1594589092;-26.80653;-49.092304;0.0;0.0;175;90.0;89.0;89.2;-1;70.9;70.7;1.8;0.2;1.1;2.2;1.1;1.5;67.8;67.3;67.4;70.9;70.7;70.7;71.9;71.7;71.7;29.81;29.81;0.0;0.0;0.0
IBLUMENA15;America/Sao_Paulo;2020-07-12T21:29:56Z;2020-07-12 18:29:56;1594589396;-26.80653;-49.092304;0.0;0.0;171;89.0;89.0;89.0;-1;70.7;70.7;1.8;0.2;0.9;2.2;1.1;1.2;67.3;67.3;67.3;70.7;70.7;70.7;71.7;71.7;71.7;29.81;29.8;0.04;0.0;0.0
IBLUMENA15;America/Sao_Paulo;2020-07-12T21:34:44Z;2020-07-12 18:34:44;1594589684;-26.80653;-49.092304;0.0;0.0;169;90.0;89.0;89.3;-1;70.7;70.5;1.1;0.0;0.9;1.1;0.0;1.1;67.6;67.1;67.3;70.7;70.5;70.6;71.7;71.4;71.6;29.81;29.81;0.04;0.0;0.0
IBLUMENA15;America/Sao_Paulo;2020-07-12T21:39:48Z;2020-07-12 18:39:48;1594589988;-26.80653;-49.092304;0.0;0.0;165;90.0;90.0;90.0;-1;70.5;70.3;0.7;0.0;0.2;1.1;0.0;0.4;67.5;67.3;67.4;70.5;70.3;70.4;71.5;71.3;71.3;29.82;29.81;-0.04;0.0;0.0
IBLUMENA15;America/Sao_Paulo;2020-07-12T21:44:52Z;2020-07-12 18:44:52;1594590292;-26.80653;-49.092304;0.0;0.0;165;90.0;90.0;90.0;-1;70.3;70.2;0.7;0.0;0.1;1.1;0.0;0.3;67.3;67.1;67.2;70.3;70.2;70.3;71.3;71.2;71.2;29.82;29.81;0.04;0.0;0.0
IBLUMENA15;America/Sao_Paulo;2020-07-12T21:49:56Z;2020-07-12 18:49:56;1594590596;-26.80653;-49.092304;0.0;0.0;167;91.0;90.0;90.3;-1;70.2;70.0;1.6;0.0;0.7;2.2;0.0;1.1;67.3;66.9;67.0;70.2;70.0;70.0;71.2;70.9;71.0;29.83;29.81;0.11;0.0;0.0
IBLUMENA15;America/Sao_Paulo;2020-07-12T21:54:44Z;2020-07-12 18:54:44;1594590884;-26.80653;-49.092304;0.0;0.0;189;91.0;91.0;91.0;-1;70.0;69.6;2.9;0.7;1.8;3.4;1.1;2.0;67.3;66.9;67.1;70.0;69.6;69.8;71.0;69.6;70.2;29.83;29.82;0.12;0.0;0.0
IBLUMENA15;America/Sao_Paulo;2020-07-12T21:59:48Z;2020-07-12 18:59:48;1594591188;-26.80653;-49.092304;0.0;0.0;201;91.0;91.0;91.0;-1;69.6;69.6;3.4;1.8;2.6;4.5;2.2;3.4;66.9;66.9;66.9;69.6;69.6;69.6;69.6;69.6;69.6;29.84;29.83;0.11;0.0;0.0
IBLUMENA15;America/Sao_Paulo;2020-07-12T22:04:52Z;2020-07-12 19:04:52;1594591492;-26.80653;-49.092304;0.0;0.0;175;91.0;90.0;90.9;-1;69.8;69.6;2.2;0.0;0.6;2.2;0.0;0.9;67.1;66.7;66.9;69.8;69.6;69.7;69.8;69.6;69.7;29.84;29.83;-0.04;0.0;0.0
IBLUMENA15;America/Sao_Paulo;2020-07-12T22:09:56Z;2020-07-12 19:09:56;1594591796;-26.80653;-49.092304;0.0;0.0;147;91.0;90.0;90.4;-1;69.8;69.6;1.1;0.0;0.3;1.1;0.0;0.5;67.1;66.6;66.8;69.8;69.6;69.8;69.8;69.6;69.8;29.85;29.84;0.04;0.0;0.0
IBLUMENA15;America/Sao_Paulo;2020-07-12T22:14:44Z;2020-07-12 19:14:44;1594592084;-26.80653;-49.092304;0.0;0.0;148;90.0;90.0;90.0;-1;69.8;69.6;0.9;0.0;0.1;1.1;0.0;0.2;66.7;66.6;66.7;69.8;69.6;69.8;69.8;69.6;69.8;29.85;29.84;0.04;0.0;0.0
IBLUMENA15;America/Sao_Paulo;2020-07-12T22:19:48Z;2020-07-12 19:19:48;1594592388;-26.80653;-49.092304;0.0;0.0;125;92.0;91.0;91.3;-1;69.6;69.4;2.0;0.9;1.3;2.2;1.1;1.6;67.1;66.7;66.8;69.6;69.4;69.4;69.6;69.4;69.4;29.85;29.84;0.0;0.0;0.0
IBLUMENA15;America/Sao_Paulo;2020-07-12T22:24:52Z;2020-07-12 19:24:52;1594592692;-26.80653;-49.092304;0.0;0.0;83;92.0;92.0;92.0;-1;69.4;69.3;3.4;0.9;2.1;3.4;1.1;2.5;67.1;66.9;67.0;69.4;69.3;69.3;69.4;69.3;69.3;29.84;29.84;0.0;0.0;0.0
IBLUMENA15;America/Sao_Paulo;2020-07-12T22:29:56Z;2020-07-12 19:29:56;1594592996;-26.80653;-49.092304;0.0;0.0;78;94.0;92.0;93.2;-1;69.3;68.5;2.9;0.4;1.9;3.4;1.1;2.3;66.9;66.6;66.8;69.3;68.5;68.9;69.3;68.5;68.9;29.84;29.84;-0.08;0.0;0.0
IBLUMENA15;America/Sao_Paulo;2020-07-12T22:34:44Z;2020-07-12 19:34:44;1594593284;-26.80653;-49.092304;0.0;0.0;128;94.0;94.0;94.0;-1;68.5;68.4;2.9;0.2;1.1;3.4;1.1;1.8;66.6;66.4;66.4;68.5;68.4;68.4;68.5;68.4;68.4;29.84;29.84;0.0;0.0;0.0
IBLUMENA15;America/Sao_Paulo;2020-07-12T22:39:48Z;2020-07-12 19:39:48;1594593588;-26.80653;-49.092304;0.0;0.0;94;93.0;93.0;93.0;-1;68.7;68.4;2.9;0.2;1.6;3.4;1.1;2.1;66.6;66.2;66.5;68.7;68.4;68.6;68.7;68.4;68.6;29.84;29.83;-0.04;0.0;0.0
IBLUMENA15;America/Sao_Paulo;2020-07-12T22:44:52Z;2020-07-12 19:44:52;1594593892;-26.80653;-49.092304;0.0;0.0;163;93.0;92.0;92.4;-1;68.9;68.7;1.1;0.0;0.5;1.1;0.0;0.8;66.6;66.4;66.6;68.9;68.7;68.8;68.9;68.7;68.8;29.84;29.83;0.08;0.0;0.0
IBLUMENA15;America/Sao_Paulo;2020-07-12T22:49:56Z;2020-07-12 19:49:56;1594594196;-26.80653;-49.092304;0.0;0.0;142;93.0;92.0;92.6;-1;68.9;68.7;0.9;0.0;0.3;1.1;0.0;0.7;66.6;66.4;66.6;68.9;68.7;68.8;68.9;68.7;68.8;29.84;29.84;0.0;0.0;0.0
IBLUMENA15;America/Sao_Paulo;2020-07-12T22:54:44Z;2020-07-12 19:54:44;1594594484;-26.80653;-49.092304;0.0;0.0;139;94.0;93.0;93.7;-1;68.5;68.4;1.1;0.0;0.1;1.1;0.0;0.4;66.6;66.4;66.5;68.5;68.4;68.5;68.5;68.4;68.5;29.84;29.84;0.04;0.0;0.0
IBLUMENA15;America/Sao_Paulo;2020-07-12T22:59:48Z;2020-07-12 19:59:48;1594594788;-26.80653;-49.092304;0.0;0.0;143;94.0;94.0;94.0;-1;68.4;68.2;1.1;0.0;0.7;1.1;0.0;1.1;66.4;66.2;66.2;68.4;68.2;68.2;68.4;68.2;68.2;29.85;29.84;0.04;0.0;0.0
IBLUMENA15;America/Sao_Paulo;2020-07-12T23:04:52Z;2020-07-12 20:04:52;1594595092;-26.80653;-49.092304;0.0;0.0;149;94.0;94.0;94.0;-1;68.2;68.0;0.0;0.0;0.0;0.0;0.0;0.0;66.2;66.0;66.1;68.2;68.0;68.1;68.2;68.0;68.1;29.85;29.84;-0.11;0.0;0.0
IBLUMENA15;America/Sao_Paulo;2020-07-12T23:09:56Z;2020-07-12 20:09:56;1594595396;-26.80653;-49.092304;0.0;0.0;149;95.0;94.0;94.8;-1;68.0;67.6;0.0;0.0;0.0;0.0;0.0;0.0;66.2;65.8;66.1;68.0;67.6;67.7;68.0;67.6;67.7;29.85;29.84;0.19;0.0;0.0
IBLUMENA15;America/Sao_Paulo;2020-07-12T23:14:44Z;2020-07-12 20:14:44;1594595684;-26.80653;-49.092304;0.0;0.0;148;96.0;95.0;95.4;-1;67.6;67.1;1.1;0.0;0.8;1.1;0.0;1.1;66.2;65.7;65.9;67.6;67.1;67.4;67.6;67.1;67.4;29.85;29.84;-0.16;0.0;0.0
IBLUMENA15;America/Sao_Paulo;2020-07-12T23:19:48Z;2020-07-12 20:19:48;1594595988;-26.80653;-49.092304;0.0;0.0;147;96.0;96.0;96.0;-1;67.1;67.1;0.2;0.0;0.0;1.1;0.0;0.0;66.0;66.0;66.0;67.1;67.1;67.1;67.1;67.1;67.1;29.85;29.84;0.04;0.0;0.0
IBLUMENA15;America/Sao_Paulo;2020-07-12T23:24:52Z;2020-07-12 20:24:52;1594596292;-26.80653;-49.092304;0.0;0.0;143;96.0;96.0;96.0;-1;67.1;66.9;1.1;0.0;0.8;1.1;0.0;1.0;66.0;65.8;65.9;67.1;66.9;67.0;67.1;66.9;67.0;29.84;29.84;-0.08;0.0;0.0
IBLUMENA15;America/Sao_Paulo;2020-07-12T23:29:56Z;2020-07-12 20:29:56;1594596596;-26.80653;-49.092304;0.0;0.0;136;96.0;96.0;96.0;-1;66.9;66.9;0.2;0.0;0.1;1.1;0.0;0.3;65.8;65.8;65.8;66.9;66.9;66.9;66.9;66.9;66.9;29.85;29.84;0.11;0.0;0.0
IBLUMENA15;America/Sao_Paulo;2020-07-12T23:34:44Z;2020-07-12 20:34:44;1594596884;-26.80653;-49.092304;0.0;0.0;169;96.0;96.0;96.0;-1;67.1;66.9;1.8;0.0;1.1;2.2;0.0;1.4;66.0;65.8;66.0;67.1;66.9;67.1;67.1;66.9;67.1;29.86;29.85;0.12;0.0;0.0
IBLUMENA15;America/Sao_Paulo;2020-07-12T23:39:48Z;2020-07-12 20:39:48;1594597188;-26.80653;-49.092304;0.0;0.0;167;96.0;96.0;96.0;-1;67.1;66.7;0.9;0.0;0.1;1.1;0.0;0.2;66.0;65.7;65.8;67.1;66.7;66.9;67.1;66.7;66.9;29.86;29.85;-0.04;0.0;0.0
IBLUMENA15;America/Sao_Paulo;2020-07-12T23:44:52Z;2020-07-12 20:44:52;1594597492;-26.80653;-49.092304;0.0;0.0;166;96.0;96.0;96.0;-1;66.7;66.7;0.2;0.0;0.0;1.1;0.0;0.1;65.7;65.7;65.7;66.7;66.7;66.7;66.7;66.7;66.7;29.85;29.85;-0.04;0.0;0.0
IBLUMENA15;America/Sao_Paulo;2020-07-12T23:49:56Z;2020-07-12 20:49:56;1594597796;-26.80653;-49.092304;0.0;0.0;127;97.0;96.0;96.6;-1;66.7;66.6;2.2;0.7;1.4;2.2;1.1;1.7;65.8;65.5;65.7;66.7;66.6;66.6;66.7;66.6;66.6;29.86;29.85;0.04;0.0;0.0
IBLUMENA15;America/Sao_Paulo;2020-07-12T23:54:44Z;2020-07-12 20:54:44;1594598084;-26.80653;-49.092304;0.0;0.0;94;97.0;97.0;97.0;-1;66.6;66.4;2.7;0.0;1.4;3.4;0.0;1.7;65.8;65.7;65.7;66.6;66.4;66.4;66.6;66.4;66.4;29.86;29.85;-0.08;0.0;0.0
IBLUMENA15;America/Sao_Paulo;2020-07-12T23:59:48Z;2020-07-12 20:59:48;1594598388;-26.80653;-49.092304;0.0;0.0;141;97.0;97.0;97.0;-1;66.4;66.4;0.9;0.0;0.1;1.1;0.0;0.3;65.7;65.7;65.7;66.4;66.4;66.4;66.4;66.4;66.4;29.85;29.84;0.08;0.0;0.0
IBLUMENA15;America/Sao_Paulo;2020-07-13T00:04:52Z;2020-07-12 21:04:52;1594598692;-26.80653;-49.092304;0.0;0.0;182;97.0;97.0;97.0;-1;66.6;66.4;2.2;0.0;1.0;2.2;0.0;1.2;65.8;65.7;65.7;66.6;66.4;66.4;66.6;66.4;66.4;29.86;29.85;0.08;0.0;0.0
IBLUMENA15;America/Sao_Paulo;2020-07-13T00:09:56Z;2020-07-12 21:09:56;1594598996;-26.80653;-49.092304;0.0;0.0;194;97.0;97.0;97.0;-1;66.6;66.6;2.5;0.0;1.7;3.4;0.0;2.1;65.8;65.8;65.8;66.6;66.6;66.6;66.6;66.6;66.6;29.86;29.86;-0.04;0.0;0.0
IBLUMENA15;America/Sao_Paulo;2020-07-13T00:14:44Z;2020-07-12 21:14:44;1594599284;-26.80653;-49.092304;0.0;0.0;177;97.0;97.0;97.0;-1;66.6;66.6;2.0;1.1;1.4;2.2;1.1;1.8;65.8;65.8;65.8;66.6;66.6;66.6;66.6;66.6;66.6;29.86;29.86;0.04;0.0;0.0
IBLUMENA15;America/Sao_Paulo;2020-07-13T00:19:48Z;2020-07-12 21:19:48;1594599588;-26.80653;-49.092304;0.0;0.0;160;97.0;97.0;97.0;-1;66.6;66.6;2.5;0.2;1.0;3.4;1.1;1.6;65.8;65.8;65.8;66.6;66.6;66.6;66.6;66.6;66.6;29.86;29.86;0.06;0.0;0.0
IBLUMENA15;America/Sao_Paulo;2020-07-13T00:24:52Z;2020-07-12 21:24:52;1594599892;-26.80653;-49.092304;0.0;0.0;153;97.0;96.0;96.5;-1;66.6;66.6;1.6;0.0;0.7;2.2;0.0;1.0;65.8;65.5;65.7;66.6;66.6;66.6;66.6;66.6;66.6;29.87;29.86;0.0;0.0;0.0
IBLUMENA15;America/Sao_Paulo;2020-07-13T00:29:56Z;2020-07-12 21:29:56;1594600196;-26.80653;-49.092304;0.0;0.0;153;96.0;96.0;96.0;-1;66.7;66.6;1.1;0.0;0.2;1.1;0.0;0.4;65.7;65.5;65.6;66.7;66.6;66.6;66.7;66.6;66.6;29.87;29.86;0.11;0.0;0.0
IBLUMENA15;America/Sao_Paulo;2020-07-13T00:34:44Z;2020-07-12 21:34:44;1594600484;-26.80653;-49.092304;0.0;0.0;142;96.0;96.0;96.0;-1;66.7;66.7;1.3;0.0;0.3;2.2;0.0;0.6;65.7;65.7;65.7;66.7;66.7;66.7;66.7;66.7;66.7;29.87;29.86;-0.15;0.0;0.0
IBLUMENA15;America/Sao_Paulo;2020-07-13T00:39:48Z;2020-07-12 21:39:48;1594600788;-26.80653;-49.092304;0.0;0.0;145;96.0;96.0;96.0;-1;66.7;66.7;0.0;0.0;0.0;0.0;0.0;0.0;65.7;65.7;65.7;66.7;66.7;66.7;66.7;66.7;66.7;29.87;29.86;0.14;0.0;0.0
IBLUMENA15;America/Sao_Paulo;2020-07-13T00:44:52Z;2020-07-12 21:44:52;1594601092;-26.80653;-49.092304;0.0;0.0;146;96.0;96.0;96.0;-1;66.7;66.6;0.9;0.0;0.1;1.1;0.0;0.2;65.7;65.5;65.5;66.7;66.6;66.6;66.7;66.6;66.6;29.87;29.87;0.0;0.0;0.0
IBLUMENA15;America/Sao_Paulo;2020-07-13T00:49:56Z;2020-07-12 21:49:56;1594601396;-26.80653;-49.092304;0.0;0.0;159;97.0;96.0;96.7;-1;66.6;66.4;1.1;0.0;0.4;1.1;0.0;0.7;65.7;65.3;65.6;66.6;66.4;66.4;66.6;66.4;66.4;29.87;29.86;-0.11;0.0;0.0
IBLUMENA15;America/Sao_Paulo;2020-07-13T00:54:44Z;2020-07-12 21:54:44;1594601684;-26.80653;-49.092304;0.0;0.0;158;97.0;97.0;97.0;-1;66.4;66.2;0.0;0.0;0.0;0.0;0.0;0.0;65.7;65.5;65.5;66.4;66.2;66.2;66.4;66.2;66.2;29.87;29.86;0.08;0.0;0.0
IBLUMENA15;America/Sao_Paulo;2020-07-13T00:59:48Z;2020-07-12 21:59:48;1594601988;-26.80653;-49.092304;0.0;0.0;159;97.0;97.0;97.0;-1;66.2;66.2;0.2;0.0;0.0;1.1;0.0;0.2;65.5;65.5;65.5;66.2;66.2;66.2;66.2;66.2;66.2;29.87;29.86;0.04;0.0;0.0
IBLUMENA15;America/Sao_Paulo;2020-07-13T01:04:52Z;2020-07-12 22:04:52;1594602292;-26.80653;-49.092304;0.0;0.0;158;97.0;97.0;97.0;-1;66.2;66.0;0.0;0.0;0.0;0.0;0.0;0.0;65.5;65.3;65.5;66.2;66.0;66.2;66.2;66.0;66.2;29.88;29.87;0.04;0.0;0.0
IBLUMENA15;America/Sao_Paulo;2020-07-13T01:09:56Z;2020-07-12 22:09:56;1594602596;-26.80653;-49.092304;0.0;0.0;158;97.0;97.0;97.0;-1;66.0;65.8;0.0;0.0;0.0;0.0;0.0;0.0;65.3;65.1;65.2;66.0;65.8;65.9;66.0;65.8;65.9;29.88;29.87;0.04;0.0;0.0
IBLUMENA15;America/Sao_Paulo;2020-07-13T01:14:44Z;2020-07-12 22:14:44;1594602884;-26.80653;-49.092304;0.0;0.0;158;97.0;97.0;97.0;-1;65.8;65.7;0.0;0.0;0.0;0.0;0.0;0.0;65.1;64.9;65.0;65.8;65.7;65.8;65.8;65.7;65.8;29.88;29.88;-0.04;0.0;0.0
IBLUMENA15;America/Sao_Paulo;2020-07-13T01:19:48Z;2020-07-12 22:19:48;1594603188;-26.80653;-49.092304;0.0;0.0;155;97.0;97.0;97.0;-1;65.8;65.8;1.1;0.0;0.1;1.1;0.0;0.3;65.1;65.1;65.1;65.8;65.8;65.8;65.8;65.8;65.8;29.89;29.87;0.11;0.0;0.0
IBLUMENA15;America/Sao_Paulo;2020-07-13T01:24:52Z;2020-07-12 22:24:52;1594603492;-26.80653;-49.092304;0.0;0.0;140;98.0;97.0;97.2;-1;65.8;65.5;1.1;0.0;0.3;1.1;0.0;0.6;65.1;64.8;64.8;65.8;65.5;65.6;65.8;65.5;65.6;29.89;29.88;-0.11;0.0;0.0
IBLUMENA15;America/Sao_Paulo;2020-07-13T01:29:56Z;2020-07-12 22:29:56;1594603796;-26.80653;-49.092304;0.0;0.0;138;98.0;98.0;98.0;-1;65.5;65.5;1.1;0.0;0.3;2.2;0.0;0.5;64.9;64.9;64.9;65.5;65.5;65.5;65.5;65.5;65.5;29.88;29.87;-0.04;0.0;0.0
IBLUMENA15;America/Sao_Paulo;2020-07-13T01:34:44Z;2020-07-12 22:34:44;1594604084;-26.80653;-49.092304;0.0;0.0;137;98.0;98.0;98.0;-1;65.5;65.1;1.1;0.2;0.9;1.1;1.1;1.1;64.9;64.6;64.8;65.5;65.1;65.3;65.5;65.1;65.3;29.88;29.87;0.08;0.0;0.0
IBLUMENA15;America/Sao_Paulo;2020-07-13T01:39:48Z;2020-07-12 22:39:48;1594604388;-26.80653;-49.092304;0.0;0.0;133;98.0;98.0;98.0;-1;65.3;65.1;1.8;0.0;0.6;2.2;0.0;0.9;64.8;64.6;64.7;65.3;65.1;65.2;65.3;65.1;65.2;29.89;29.88;0.04;0.0;0.0
IBLUMENA15;America/Sao_Paulo;2020-07-13T01:44:52Z;2020-07-12 22:44:52;1594604692;-26.80653;-49.092304;0.0;0.0;152;99.0;98.0;98.9;-1;65.3;65.1;0.4;0.0;0.1;1.1;0.0;0.2;64.9;64.6;64.8;65.3;65.1;65.1;65.3;65.1;65.1;29.89;29.88;0.0;0.0;0.0
IBLUMENA15;America/Sao_Paulo;2020-07-13T01:49:56Z;2020-07-12 22:49:56;1594604996;-26.80653;-49.092304;0.0;0.0;153;99.0;98.0;98.6;-1;65.3;65.3;0.7;0.0;0.1;1.1;0.0;0.5;64.9;64.8;64.9;65.3;65.3;65.3;65.3;65.3;65.3;29.89;29.88;0.0;0.0;0.0
IBLUMENA15;America/Sao_Paulo;2020-07-13T01:54:44Z;2020-07-12 22:54:44;1594605284;-26.80653;-49.092304;0.0;0.0;153;99.0;98.0;98.4;-1;65.3;65.1;0.0;0.0;0.0;0.0;0.0;0.0;64.9;64.6;64.8;65.3;65.1;65.2;65.3;65.1;65.2;29.89;29.88;0.12;0.0;0.0
IBLUMENA15;America/Sao_Paulo;2020-07-13T01:59:48Z;2020-07-12 22:59:48;1594605588;-26.80653;-49.092304;0.0;0.0;145;99.0;98.0;98.6;-1;65.3;65.1;1.1;0.0;0.5;1.1;0.0;0.7;64.9;64.6;64.8;65.3;65.1;65.2;65.3;65.1;65.2;29.89;29.89;0.0;0.0;0.0
IBLUMENA15;America/Sao_Paulo;2020-07-13T02:04:52Z;2020-07-12 23:04:52;1594605892;-26.80653;-49.092304;0.0;0.0;138;99.0;98.0;98.8;-1;65.1;64.9;1.1;0.0;0.3;1.1;0.0;0.6;64.8;64.4;64.6;65.1;64.9;64.9;65.1;64.9;64.9;29.9;29.89;0.04;0.0;0.0
IBLUMENA15;America/Sao_Paulo;2020-07-13T02:09:56Z;2020-07-12 23:09:56;1594606196;-26.80653;-49.092304;0.0;0.0;137;99.0;98.0;98.2;-1;65.1;64.9;0.2;0.0;0.0;1.1;0.0;0.0;64.8;64.4;64.5;65.1;64.9;65.0;65.1;64.9;65.0;29.9;29.89;0.08;0.0;0.0
IBLUMENA15;America/Sao_Paulo;2020-07-13T02:14:44Z;2020-07-12 23:14:44;1594606484;-26.80653;-49.092304;0.0;0.0;137;99.0;98.0;98.8;-1;64.9;64.9;0.7;0.0;0.1;1.1;0.0;0.3;64.6;64.4;64.6;64.9;64.9;64.9;64.9;64.9;64.9;29.9;29.89;-0.12;0.0;0.0
IBLUMENA15;America/Sao_Paulo;2020-07-13T02:19:48Z;2020-07-12 23:19:48;1594606788;-26.80653;-49.092304;0.0;0.0;137;99.0;99.0;99.0;-1;64.9;64.9;0.0;0.0;0.0;0.0;0.0;0.0;64.6;64.6;64.6;64.9;64.9;64.9;64.9;64.9;64.9;29.9;29.89;0.11;0.0;0.0
IBLUMENA15;America/Sao_Paulo;2020-07-13T02:24:52Z;2020-07-12 23:24:52;1594607092;-26.80653;-49.092304;0.0;0.0;137;99.0;99.0;99.0;-1;64.9;64.9;0.0;0.0;0.0;0.0;0.0;0.0;64.6;64.6;64.6;64.9;64.9;64.9;64.9;64.9;64.9;29.91;29.89;0.08;0.0;0.0
IBLUMENA15;America/Sao_Paulo;2020-07-13T02:29:56Z;2020-07-12 23:29:56;1594607396;-26.80653;-49.092304;0.0;0.0;135;99.0;99.0;99.0;-1;64.9;64.8;1.1;0.0;0.6;1.1;0.0;1.0;64.6;64.4;64.5;64.9;64.8;64.9;64.9;64.8;64.9;29.91;29.9;-0.04;0.0;0.0
IBLUMENA15;America/Sao_Paulo;2020-07-13T02:34:44Z;2020-07-12 23:34:44;1594607684;-26.80653;-49.092304;0.0;0.0;135;99.0;99.0;99.0;-1;64.9;64.8;0.7;0.0;0.1;1.1;0.0;0.4;64.6;64.4;64.5;64.9;64.8;64.9;64.9;64.8;64.9;29.91;29.9;0.08;0.0;0.0
IBLUMENA15;America/Sao_Paulo;2020-07-13T02:39:48Z;2020-07-12 23:39:48;1594607988;-26.80653;-49.092304;0.0;0.0;138;99.0;99.0;99.0;-1;65.1;64.9;0.4;0.0;0.1;1.1;0.0;0.4;64.8;64.6;64.6;65.1;64.9;64.9;65.1;64.9;64.9;29.91;29.9;0.0;0.0;0.0
IBLUMENA15;America/Sao_Paulo;2020-07-13T02:44:52Z;2020-07-12 23:44:52;1594608292;-26.80653;-49.092304;0.0;0.0;148;99.0;99.0;99.0;-1;65.1;65.1;0.9;0.0;0.1;1.1;0.0;0.1;64.8;64.8;64.8;65.1;65.1;65.1;65.1;65.1;65.1;29.91;29.9;-0.04;0.0;0.0
IBLUMENA15;America/Sao_Paulo;2020-07-13T02:49:55Z;2020-07-12 23:49:55;1594608595;-26.80653;-49.092304;0.0;0.0;153;99.0;99.0;99.0;-1;65.1;64.9;0.9;0.0;0.2;1.1;0.0;0.4;64.8;64.6;64.7;65.1;64.9;65.0;65.1;64.9;65.0;29.91;29.9;0.0;0.0;0.0
IBLUMENA15;America/Sao_Paulo;2020-07-13T02:54:59Z;2020-07-12 23:54:59;1594608899;-26.80653;-49.092304;0.0;0.0;151;99.0;99.0;99.0;-1;64.9;64.9;0.7;0.0;0.1;1.1;0.0;0.2;64.6;64.6;64.6;64.9;64.9;64.9;64.9;64.9;64.9;29.92;29.91;0.11;0.0;0.0
IBLUMENA15;America/Sao_Paulo;2020-07-13T02:59:47Z;2020-07-12 23:59:47;1594609187;-26.80653;-49.092304;0.0;0.0;151;99.0;99.0;99.0;-1;64.9;64.9;0.0;0.0;0.0;0.0;0.0;0.0;64.6;64.6;64.6;64.9;64.9;64.9;64.9;64.9;64.9;29.92;29.91;-0.08;0.0;0.0
